27	27	29	5.57691	0.326787	0.000248818
27	28	29	6.62321	1.13406	0.000798837
28	28	29	7.52974	5.73469	0.00119171
28	28	30	1.05316	0.166279	0.000222627
28	29	29	9.76907	1.755	0.000144053
29	28	29	7.53987	5.27979	0.00247509
29	28	30	0.902432	0.877594	0.00018334
29	29	29	9.58476	4.28447	0.00161077
29	29	30	5.22836	4.32382	0.000144053
30	28	29	4.76787	3.1502	0.00144053
30	29	29	7.60158	9.42244	0.00449182
30	29	30	5.60708	4.60132	0.000903603
30	30	29	11.4157	0	1.30957e-05
31	28	29	3.14038	3.0506	0.00222627
31	29	29	7.72015	6.58391	0.00906222
31	29	30	5.55974	4.76246	0.000497636
31	30	29	8.57508	1.78884	0.000222627
32	28	29	2.24605	0.536334	0.00278938
32	29	29	7.16986	6.04726	0.00191197
32	29	30	5.19599	6.45325	0.000471445
32	30	29	11.0419	1.3669	0.000288105
32	30	30	10.7928	0.0758983	7.85741e-05
33	28	29	1.3287	0.349564	0.000680976
33	29	29	5.90886	3.34015	0.0018334
33	29	30	3.51077	3.85865	0.00145362
33	30	29	4.58262	9.2163	0.00180721
33	30	30	8.1283	4.34227	0.00214769
33	31	30	8.19542	5.47392	0.00119171
33	31	31	1.39745	0.0362079	6.54785e-05
33	32	30	7.74521	0.0950962	2.61914e-05
33	32	31	2.12557	0.349493	5.23828e-05
34	29	29	3.31747	2.15623	0.00362751
34	29	30	2.02104	1.49068	0.00115242
34	30	29	5.69746	4.09242	0.00107385
34	30	30	8.22184	5.95976	0.0033525
34	31	29	2.12419	3.37624	7.85741e-05
34	31	30	7.91771	7.124	0.00641689
34	31	31	0.605512	0.109518	0.000261914
34	32	30	6.75997	3.15757	0.00254056
34	32	31	2.35503	0.29656	0.000170244
35	28	29	0.835991	0.0184105	0.000222627
35	29	29	1.79937	0.967031	0.00102146
35	29	30	1.94713	1.24808	0.000694072
35	30	29	3.90714	2.17031	0.00227865
35	30	30	6.02378	5.14346	0.00492398
35	31	29	1.85558	0.78414	0.000654785
35	31	30	7.68477	7.63573	0.0149946
35	31	31	1.20157	0.0978509	0.000340488
35	32	29	0.0987197	0.00671782	0.000209531
35	32	30	6.4635	5.45193	0.00839434
35	32	31	1.97518	2.00083	0.000877411
35	33	30	3.76068	0.508033	0.000170244
35	33	31	3.10619	0.330382	0.000235722
35	34	31	0.153259	0.00534303	0.00208221
35	34	32	0.0246324	4.54661e-06	6.54785e-05
35	35	31	0.0493683	0.000188138	0.000589306
35	35	32	0.0283445	1.16154e-06	5.23828e-05
36	29	30	0.103628	0.00686911	0.000353584
36	30	29	2.88411	1.08881	0.00144053
36	30	30	4.93841	3.87246	0.00443944
36	31	29	1.27874	0.663982	0.0024227
36	31	30	6.66152	5.55717	0.0310106
36	31	31	0.509252	0.16578	0.00018334
36	32	30	6.37126	4.58774	0.0208745
36	32	31	3.19745	2.19617	0.00327392
36	33	30	2.75969	2.11396	0.00337869
36	33	31	2.9658	1.2139	0.00371918
36	34	30	0.309021	0	1.30957e-05
36	34	31	0.528787	0.16414	0.00144053
36	35	31	0.0602628	0.000529928	0.000589306
36	35	32	0.0256564	0	1.30957e-05
37	29	29	0.720357	0.148544	0.00255366
37	29	30	0.172402	0.0339358	0.00125719
37	30	29	1.77412	0.975556	0.00422991
37	30	30	2.75695	2.55912	0.00865625
37	31	29	1.90603	1.14867	0.000536923
37	31	30	5.35315	4.38467	0.0199447
37	31	31	0.557719	0.0585481	0.000196435
37	32	30	6.20612	3.45849	0.023127
37	32	31	2.43625	3.00318	0.00250128
37	33	30	2.72485	2.97437	0.00498946
37	33	31	3.03994	1.17784	0.00619426
37	34	30	0.246789	0.022086	0.000314297
37	34	31	0.773778	0.201174	0.00286796
37	35	31	0.185135	0	1.30957e-05
38	29	29	0.339265	0.031651	0.00271081
38	29	30	0.200126	0.029835	0.000864316
38	30	29	1.26101	0.336678	0.00556567
38	30	30	1.61739	0.912915	0.0110266
38	31	29	1.33926	0.479643	0.000641689
38	31	30	3.81704	2.93541	0.0194078
38	31	31	0.469265	0.0645885	0.000144053
38	32	29	0.209285	0.00545124	0.000130957
38	32	30	5.54855	3.4425	0.0166446
38	32	31	2.35062	1.86821	0.00257985
38	33	30	3.66053	4.15083	0.00185959
38	33	31	3.48104	0.986998	0.00265843
38	34	30	0.367867	0.0524167	0.000523828
38	34	31	1.13667	0.215486	0.0018203
39	29	29	0.14405	0.00104812	5.23828e-05
39	29	30	0.119523	0.00296684	0.000536923
39	30	29	0.727429	0.0983164	0.00128338
39	30	30	1.46053	0.25378	0.00201674
39	31	29	0.757972	0.248506	0.000405966
39	31	30	2.9278	1.90244	0.0140517
39	31	31	0.263933	0.0156428	6.54785e-05
39	32	29	0.0975066	0.00335957	0.000392871
39	32	30	4.45502	3.20564	0.0158851
39	32	31	1.64366	1.96916	0.00217388
39	33	30	3.35647	3.42265	0.00314297
39	33	31	3.3946	1.88568	0.00580139
39	34	30	0.635392	0.322143	0.00066788
39	34	31	1.38728	0.469809	0.00616807
39	35	30	0.013931	4.36296e-06	6.54785e-05
39	35	31	0.447604	0.0246556	0.000785741
40	30	30	1.04879	0.0035568	0.000196435
40	31	29	0.437998	0.0828499	3.92871e-05
40	31	30	1.69008	0.585441	0.00612878
40	32	29	0.102439	0.00235145	0.000275009
40	32	30	3.68349	1.66535	0.0188971
40	32	31	1.81549	1.17952	0.00292034
40	33	30	3.40894	2.01434	0.0102801
40	33	31	3.51829	0.992242	0.0079098
40	34	30	0.291018	0.182061	0.00142743
40	34	31	1.58641	0.689975	0.0124671
40	34	32	0.115585	0.00138728	9.16698e-05
40	35	30	0.0205022	0	1.30957e-05
40	35	31	0.382721	0.0591846	0.00411205
40	35	32	0.0570902	0.00213473	0.000340488
41	31	29	0.196626	0.00558728	0.000196435
41	31	30	1.24697	0.422165	0.00388942
41	31	31	0.0250816	0	1.30957e-05
41	32	30	2.70764	0.969121	0.0232972
41	32	31	1.31331	0.516298	0.00246199
41	33	30	2.88621	1.67468	0.0162518
41	33	31	3.11055	0.880164	0.0155839
41	34	30	0.847838	0.209023	0.00201674
41	34	31	1.82734	0.611752	0.0206519
41	35	31	0.650685	0.0662486	0.00259295
41	35	32	0.0559679	0.00173655	0.000104766
42	30	30	0.0475958	0.000155145	0.000196435
42	31	30	0.602361	0.166917	0.00288105
42	32	30	1.93207	0.523355	0.0285748
42	32	31	0.758387	0.342	0.0024358
42	33	30	2.57733	0.798128	0.0200364
42	33	31	2.5788	0.738625	0.0252878
42	34	30	0.937644	0.309999	0.00309058
42	34	31	1.91043	0.506906	0.026414
42	35	31	0.933378	0.0425778	0.00222627
43	30	30	0.0537822	0.00175924	3.92871e-05
43	31	29	0.0843859	0.00098953	0.000366679
43	31	30	0.290619	0.0227255	0.00466207
43	32	30	1.04541	0.23175	0.0150731
43	32	31	0.342652	0.0565455	0.00180721
43	33	30	1.91374	0.438451	0.0125588
43	33	31	1.84623	0.76876	0.0128207
43	34	30	0.919295	0.216277	0.00310368
43	34	31	1.71026	0.427738	0.0378204
43	35	30	0.0263553	0	1.30957e-05
43	35	31	0.800208	0.1266	0.0054609
43	35	32	0.199984	0.00749903	0.00137505
43	36	31	0.133136	0.0094887	0.000209531
43	36	32	0.101474	0.00573644	0.00111313
43	37	31	0.0162146	0	1.30957e-05
43	37	32	0.0190611	5.6463e-05	0.00108694
44	31	29	0.0347578	0.000545453	0.000497636
44	31	30	0.18962	0.00694377	0.0015191
44	32	30	0.773831	0.126261	0.013554
44	32	31	0.422873	0.0284214	0.000890507
44	33	30	1.35829	0.166775	0.0138029
44	33	31	1.43287	0.339067	0.0076086
44	34	30	0.785372	0.293735	0.00256676
44	34	31	1.65975	0.223791	0.0188316
44	34	32	0.0479926	9.45494e-06	6.54785e-05
44	35	30	0.0405408	0.00038429	0.000275009
44	35	31	0.715802	0.106942	0.00580139
44	35	32	0.253948	0.00826922	0.000379775
44	36	31	0.300614	0.0151377	0.000563115
44	36	32	0.100012	0.00277752	0.00244889
44	37	31	0.0177772	1.77927e-06	3.92871e-05
44	37	32	0.0375024	0.000283334	0.000471445
45	32	30	0.433396	0.0438815	0.0042692
45	32	31	0.214517	0.00588407	0.000288105
45	33	30	0.900898	0.11978	0.0079098
45	33	31	0.901897	0.160681	0.00683595
45	34	30	0.429572	0.146918	0.0021346
45	34	31	1.30746	0.149078	0.00916698
45	35	31	0.739925	0.104894	0.00811933
45	35	32	0.202617	0.00330297	0.000589306
45	36	31	0.284244	0.0256267	0.00146672
45	36	32	0.167783	0.0107013	0.00225246
45	37	31	0.0414417	0.000150837	0.000288105
45	37	32	0.0461105	0.000278198	0.000445253
46	32	30	0.26227	0.0142664	0.00144053
46	32	31	0.0813623	0.00305761	0.000275009
46	33	30	0.544717	0.0339675	0.0030513
46	33	31	0.456837	0.0723341	0.00275009
46	34	30	0.387477	0.035436	0.000916698
46	34	31	0.879823	0.0939582	0.00536923
46	35	30	0.0278168	0	2.61914e-05
46	35	31	0.705133	0.0732475	0.0091015
46	35	32	0.190225	0.00726903	0.000209531
46	36	31	0.340332	0.0312658	0.000405966
46	36	32	0.268641	0.00337849	0.00066788
46	37	31	0.0376464	4.18642e-05	0.000117861
46	37	32	0.0474994	0.000331744	0.000157148
47	32	30	0.144188	0.000515866	0.000275009
47	33	30	0.263335	0.0170943	0.000995272
47	33	31	0.534285	0.0390414	0.00057621
47	34	30	0.550394	0.0154487	0.000209531
47	34	31	0.631037	0.035176	0.00222627
47	35	31	0.741102	0.0201994	0.00290724
47	35	32	0.210796	0.0024684	7.85741e-05
47	36	31	0.285506	0.00304291	0.000772646
47	36	32	0.211984	0.00426406	0.00225246
47	37	31	0.042979	0.000226802	0.000497636
47	37	32	0.0869468	0.00102367	0.00255366
48	33	30	0.173023	0.00434103	0.00464897
48	33	31	0.190572	0.0140384	0.000838124
48	34	30	0.222307	0.0055137	0.00192507
48	34	31	0.474413	0.0144083	0.00646927
48	35	30	0.0445162	5.28754e-06	6.54785e-05
48	35	31	0.484055	0.0281411	0.00779194
48	35	32	0.273276	0	2.61914e-05
48	36	31	0.322466	0.0160967	0.00603711
48	36	32	0.195541	0.00768859	0.00158458
48	37	31	0.0628328	0.00112056	0.000694072
48	37	32	0.0778488	0.00138408	0.0063776
49	33	30	0.171573	0.000421506	0.000497636
49	33	31	0.191565	5.079e-05	7.85741e-05
49	34	30	0.13086	0.00251618	0.000982177
49	34	31	0.338031	0.0155891	0.00294653
49	35	30	0.0424163	0.00014678	6.54785e-05
49	35	31	0.332375	0.0215698	0.00369298
49	35	32	0.0981785	0.00163109	6.54785e-05
49	36	31	0.326806	0.0115505	0.00161077
49	36	32	0.147262	0.00525864	0.000288105
49	37	32	0.0836205	0.00190924	0.00157148
50	33	30	0.0550463	0.000105568	0.000733359
50	33	31	0.0509164	0.000327111	0.000628593
50	34	30	0.054369	0.000199151	0.000327392
50	34	31	0.138475	0.00353118	6.54785e-05
50	35	31	0.235501	0.00948389	0.00204293
50	35	32	0.0681123	0.00102292	0.000445253
50	36	31	0.1667	0.0053216	0.00124409
50	36	32	0.112859	0.00337358	0.00231794
50	37	31	0.0714868	3.41565e-06	5.23828e-05
51	33	30	0.020355	0.000118515	0.00216079
51	33	31	0.0193579	6.82639e-05	0.00127028
51	34	30	0.0406853	0.000211734	0.00192507
51	34	31	0.0944655	0.001368	0.00382394
51	35	30	0.0180745	2.03033e-05	0.00018334
51	35	31	0.122338	0.00389249	0.00185959
51	35	32	0.0506803	0.00029478	0.000144053
51	36	31	0.149475	0.00332437	0.00200364
51	36	32	0.146183	0.00174563	0.00108694
51	37	31	0.0489114	0.00135319	0.00125719
51	37	32	0.113471	0.00104826	0.000995272
52	33	30	0.0182419	3.4435e-06	0.000170244
52	33	31	0.0138842	1.97672e-05	0.00018334
52	34	30	0.02361	2.45525e-05	0.000471445
52	34	31	0.0414194	0.00037479	0.00129647
52	35	31	0.049102	0.000616695	0.00167625
52	36	31	0.134151	0.000693514	0.00138814
52	36	32	0.108823	0.00117639	0.00075955
52	37	31	0.0589823	0.00101235	0.000327392
52	37	32	0.132064	5.47961e-06	3.92871e-05
52	38	32	0.0319415	2.25942e-05	0.000327392
53	36	31	0.0757619	0.0010747	0.000275009
53	36	32	0.0738459	0.000576774	0.000733359
53	37	31	0.0287143	0.000473056	0.000314297
53	37	32	0.0505782	0.000588547	0.00113933
53	38	32	0.0253273	7.9557e-05	0.00411205
54	37	31	0.0413881	1.01092e-05	0.000104766
54	37	32	0.0495331	8.68353e-05	0.00246199
54	38	32	0.0180744	3.72637e-05	0.000589306
55	36	31	0.0224974	1.97569e-05	0.000353584
55	37	31	0.0215468	5.44167e-05	0.000130957
55	37	32	0.03168	1.45233e-05	0.00141433
55	38	32	0.0172234	2.77459e-05	0.00281557
55	39	32	0.010096	0	2.61914e-05
56	36	31	0.0182883	1.76646e-05	0.00686214
56	36	32	0.0167388	2.16445e-05	0.00138814
56	37	31	0.0169056	1.96076e-05	0.00108694
56	37	32	0.0246157	3.45101e-05	0.00218698
56	38	32	0.0144585	1.4689e-05	0.00373227
57	36	31	0.0132982	2.13658e-06	0.000536923
57	36	32	0.0126029	4.37203e-08	2.61914e-05
57	37	31	0.0129439	4.31724e-06	0.00191197
57	37	32	0.0131769	3.98202e-06	0.00402038
57	38	32	0.012363	7.08842e-07	0.00075955
58	37	31	0.010394	1.52154e-07	0.000825028
58	37	32	0.0112308	6.59145e-07	0.00310368
58	38	32	0.0107544	3.09671e-07	0.000117861
