36	31	29	0.904234	0.0876701	0.000210856
36	31	30	6.81775	7.60036	0.00150235
36	32	30	5.70962	4.23588	0.00143646
37	30	30	0.458777	0.373908	0.000513963
37	31	29	1.59898	0.150182	6.58926e-05
37	31	30	4.25965	4.14148	0.00209539
37	32	30	6.07248	2.32977	0.00510009
37	32	31	3.07519	1.56793	0.00054032
37	33	30	3.14002	1.84485	0.000487606
37	33	31	2.69089	1.0274	0.0030706
37	34	30	0.971012	-1.11022e-16	6.58926e-05
37	34	31	1.69109	0.251759	6.58926e-05
38	31	30	5.36051	0.77558	0.000922497
38	32	30	5.70646	3.02185	0.0131522
38	32	31	2.28069	2.33594	0.00216128
38	33	30	3.6563	2.83338	0.00959397
38	33	31	3.2123	1.75347	0.0147336
38	34	30	0.401533	0.102209	0.000566677
38	34	31	1.22651	0.720037	0.0027016
38	35	31	0.320468	0.00580383	0.000593034
39	30	29	0.628849	0.00774482	5.27141e-05
39	30	30	0.473992	0.0519374	0.00080389
39	31	29	0.536371	0.0824779	0.000210856
39	31	30	2.72657	1.18614	0.00652337
39	32	30	4.52072	2.836	0.0215733
39	32	31	2.56608	2.06549	0.00171321
39	33	30	3.70469	3.00678	0.0180019
39	33	31	3.42076	1.80214	0.0228911
39	34	30	0.482594	0.180512	0.00115971
39	34	31	1.14127	0.512189	0.0159856
39	34	32	0.0657482	0.000758866	0.000593034
39	35	31	0.322592	0.015807	0.00396674
39	35	32	0.0776933	0.00115106	0.00121242
40	30	29	0.498369	0.0224562	0.00218764
40	30	30	0.666477	0.079013	0.00312331
40	31	29	0.43012	0.066483	0.00163414
40	31	30	2.12602	0.621707	0.0164732
40	32	29	0.0917739	0.00309028	0.000395356
40	32	30	3.59934	1.97209	0.0160383
40	32	31	2.05614	1.17403	0.00089614
40	33	30	3.61378	2.37173	0.00857922
40	33	31	3.33437	1.38857	0.0107669
40	34	30	0.653932	0.18936	0.00285974
40	34	31	1.46813	0.602266	0.0191352
40	34	32	0.0491666	0.00113092	0.000263571
40	35	31	0.36577	0.0222554	0.0017791
40	35	32	0.121494	0.000399965	0.000210856
41	30	29	0.548003	0.00310912	3.95356e-05
41	30	30	0.542633	0.00713452	0.000224035
41	31	29	0.383534	0.0224596	0.000250392
41	31	30	1.47017	0.257527	0.00527141
41	32	30	2.60238	0.962849	0.0181995
41	32	31	1.3373	0.830852	0.00135739
41	33	30	2.74903	1.46019	0.00943583
41	33	31	2.59181	1.66211	0.0112281
41	34	30	0.688371	0.285318	0.00164732
41	34	31	1.75169	0.686714	0.00801255
41	35	31	0.547375	0.0603717	0.00544273
41	35	32	0.147948	0.00289611	0.000316285
41	36	31	0.178582	0.000109476	0.000118607
41	36	32	0.0911844	0.00347124	0.000316285
42	31	30	0.896837	0.155698	0.00363727
42	32	29	0.0273542	8.842e-07	0.000118607
42	32	30	1.8487	0.518382	0.01447
42	32	31	0.800241	0.242477	0.000948854
42	33	30	2.6634	0.687631	0.00707687
42	33	31	2.36984	0.91039	0.0133762
42	34	30	0.869415	0.265093	0.001107
42	34	31	1.69382	0.656805	0.0164995
42	34	32	0.0433917	0	1.31785e-05
42	35	30	0.0340415	7.3029e-09	6.58926e-05
42	35	31	0.705523	0.114733	0.00657609
42	35	32	0.0651274	0.00353952	0.000144964
42	36	31	0.130684	0.0053077	0.00268842
42	36	32	0.0912435	0.00153576	0.00170003
42	37	32	0.0217072	3.56838e-06	6.58926e-05
43	31	30	0.315293	0.0514932	0.00131785
43	32	30	1.14826	0.258181	0.01447
43	32	31	0.546264	0.125719	0.00216128
43	33	30	1.81569	0.446952	0.0228779
43	33	31	2.17503	0.5169	0.0147204
43	34	30	0.85371	0.2317	0.00332099
43	34	31	1.69299	0.347999	0.02015
43	35	31	0.885785	0.09829	0.00784123
43	35	32	0.279437	0.00214781	0.00054032
43	36	31	0.109229	0.0037191	0.000698462
43	36	32	0.0827953	0.00307994	0.000843426
43	37	32	0.0262556	2.68812e-06	2.63571e-05
44	31	30	0.252931	0.00857747	0.000645748
44	32	29	0.0188055	8.66374e-05	0.000105428
44	32	30	0.675963	0.145366	0.0109777
44	32	31	0.376478	0.029215	0.000922497
44	33	30	1.29111	0.254472	0.0222981
44	33	31	1.53705	0.361378	0.014984
44	34	30	1.18915	0.207571	0.00115971
44	34	31	1.6179	0.258595	0.0169212
44	35	31	0.744768	0.100497	0.00591716
44	35	32	0.24909	0.00441137	0.000421713
45	32	30	0.407435	0.0381924	0.00611484
45	32	31	0.168844	0.0168031	0.000579855
45	33	30	0.888049	0.164568	0.0179228
45	33	31	0.968507	0.197307	0.0116498
45	34	30	0.813786	0.095254	0.00108064
45	34	31	1.22434	0.187978	0.0168553
45	35	30	0.0880912	1.02285e-07	2.63571e-05
45	35	31	0.691734	0.10568	0.00740633
45	35	32	0.196838	0.00862538	0.000790712
45	36	31	0.177068	0.0127069	0.000619391
45	36	32	0.198342	0.000618571	0.000197678
46	32	30	0.250096	0.0117435	0.00338688
46	32	31	0.181056	0.00384667	0.000105428
46	33	30	0.583905	0.0518782	0.01277
46	33	31	0.614687	0.106924	0.00813115
46	34	30	0.447575	0.0627878	0.00557452
46	34	31	0.903356	0.0986369	0.0321556
46	35	30	0.121971	2.52725e-06	6.58926e-05
46	35	31	0.681695	0.0828483	0.0155638
46	35	32	0.240638	0.00862896	0.001476
46	36	31	0.287196	0.0212078	0.0060753
46	36	32	0.16703	0.00715037	0.0035582
46	37	31	0.0511181	0.000257737	0.00044807
46	37	32	0.0700266	0.00104654	0.000500784
47	32	30	0.0919899	0.00516953	0.00259617
47	32	31	0.0642883	0	1.31785e-05
47	33	30	0.316965	0.0267907	0.011887
47	33	31	0.329323	0.032889	0.00960715
47	34	30	0.341371	0.0338475	0.00397992
47	34	31	0.635929	0.0636866	0.029599
47	34	32	0.0119221	0	1.31785e-05
47	35	30	0.0611061	0.000938517	0.000144964
47	35	31	0.639449	0.0447221	0.0188321
47	35	32	0.0493637	0.000736688	0.000131785
47	36	31	0.329913	0.0135274	0.00391402
47	36	32	0.17917	0.00774716	0.00536366
47	37	32	0.0634466	0.00131321	0.00291246
48	32	30	0.0299857	0.00016526	0.000658926
48	32	31	0.0305579	0	2.63571e-05
48	33	30	0.232962	0.00683196	0.00710323
48	33	31	0.258944	0.0121	0.00507373
48	34	30	0.263563	0.00950523	0.00280703
48	34	31	0.455468	0.0265861	0.022443
48	35	30	0.0598813	0.000360806	0.000171321
48	35	31	0.451011	0.0289805	0.0264888
48	35	32	0.151234	0.00568263	0.000724819
48	36	31	0.264244	0.0127559	0.00467838
48	36	32	0.205193	0.00387662	0.00293881
48	37	31	0.0789266	0.000970904	0.000513963
48	37	32	0.0892711	0.00272852	0.00216128
49	32	30	0.0187575	4.37336e-05	0.00106746
49	33	30	0.0908081	0.00167866	0.00246439
49	33	31	0.107715	0.00260007	0.00260935
49	34	30	0.120247	0.00290367	0.00498148
49	34	31	0.25999	0.0111733	0.0139297
49	35	30	0.0309165	0.000330815	0.000527141
49	35	31	0.344979	0.0168773	0.0271346
49	35	32	0.0969555	0.00197386	0.00152871
49	36	31	0.288491	0.0087556	0.00441481
49	36	32	0.16403	0.00386458	0.00462566
49	37	31	0.0629687	0.00128629	0.000553498
49	37	32	0.109388	0.00159326	0.00424349
50	32	30	0.0132464	1.168e-05	0.00106746
50	33	30	0.0417361	0.000405045	0.00370317
50	33	31	0.0492761	0.000681393	0.00109382
50	34	30	0.0603671	0.00111593	0.00354502
50	34	31	0.189735	0.00365359	0.00631252
50	35	30	0.0351419	7.44446e-05	0.000250392
50	35	31	0.245841	0.0064898	0.0127568
50	35	32	0.0665299	0.00127395	0.00135739
50	36	31	0.2697	0.00204528	0.00109382
50	36	32	0.129586	0.00448984	0.00172639
50	37	31	0.0636509	0.000599282	7.90712e-05
50	37	32	0.111393	0.00130204	0.00311013
51	33	30	0.0372156	4.22274e-05	0.000316285
51	33	31	0.0289106	1.27724e-05	0.000131785
51	34	30	0.0398299	0.000226322	0.00183182
51	34	31	0.0849971	0.000676339	0.0041117
51	35	30	0.0181364	3.51121e-05	0.000158142
51	35	31	0.136219	0.00384846	0.00295199
51	35	32	0.0581326	0.000621158	0.000118607
51	36	31	0.164901	0.00341071	0.00285974
51	36	32	0.170339	2.88611e-05	9.22497e-05
51	37	32	0.084187	0.000278475	0.00114653
52	34	30	0.0382318	1.5868e-07	3.95356e-05
52	34	31	0.0441619	0.000331205	0.00121242
52	35	31	0.10261	0.00115902	0.00201632
52	36	31	0.108462	0.00208937	0.00454659
52	36	32	0.101954	0.000422276	0.000685284
52	37	31	0.0538336	0.000435531	0.000382177
52	37	32	0.0770678	0.000807285	0.00189771
52	38	32	0.0266049	6.03616e-05	0.000632569
53	34	31	0.0253561	0.000104351	0.000962033
53	35	31	0.0528279	0.000315351	0.0014101
53	36	31	0.0936452	0.000440891	0.0012915
53	36	32	0.0854336	0.000718418	0.000935676
53	37	31	0.0519598	0.000576387	0.00187135
53	37	32	0.0684919	0.000306427	0.00587762
53	38	32	0.0244231	6.35264e-05	0.00340006
54	35	31	0.0327435	0.000182542	0.00249074
54	36	31	0.0534711	5.8682e-05	0.000144964
54	37	31	0.01636	0	1.31785e-05
54	37	32	0.0466923	0.000184431	0.00164732
54	38	32	0.0287205	3.19332e-05	0.000527141
