31	29	29	12.2987	0.17548	6.56668e-05
31	30	29	9.6046	7.67648	0.000643534
31	30	30	12.5844	1.22459	0.000827401
31	31	30	7.14456	7.68554	0.000302067
32	30	29	6.75669	9.1859	0.001773
32	30	30	9.11606	20.0018	0.00693441
32	31	30	8.79823	9.55425	0.00422894
33	29	29	7.68049	0.944189	0.0002364
33	29	30	2.68716	3.69251	0.000853668
33	30	29	5.57808	9.44693	0.0010638
33	30	30	8.2403	14.1978	0.00696068
33	31	29	3.78992	0.533877	7.88001e-05
33	31	30	8.33374	11.1088	0.00613328
33	31	31	0.400944	0.0881366	0.0002758
34	29	29	5.61417	0.231394	0.0001182
34	29	30	2.93472	0.489305	6.56668e-05
34	30	29	3.26952	5.98127	0.00317827
34	30	30	7.15047	13.1277	0.00307321
34	31	29	1.21678	1.9047	0.000499068
34	31	30	8.44117	8.38916	0.00820835
34	31	31	1.06643	0.145394	0.000302067
34	32	29	0.092347	0.000611823	0.0001182
34	32	30	4.61339	6.96254	0.00109007
34	32	31	1.80946	0.675174	0.000420267
35	30	29	3.81158	3.45223	0.00242967
35	30	30	6.09868	4.55275	0.00443907
35	31	29	2.03694	1.48726	0.000591001
35	31	30	6.80891	9.51907	0.0101258
35	31	31	1.21695	0.284826	0.000223267
35	32	29	0.0693839	0	3.94001e-05
35	32	30	6.19832	4.12379	0.0108876
35	32	31	2.26882	1.5933	0.00288934
35	33	30	4.05262	0.0253044	6.56668e-05
35	33	31	4.10627	0.0129767	0.000144467
36	29	29	1.32517	0.0154882	2.62667e-05
36	29	30	0.578526	0.0834039	0.000131334
36	30	29	3.10266	1.0621	0.000223267
36	30	30	4.71168	3.82634	0.00119514
36	31	29	2.42357	1.20001	0.000551601
36	31	30	6.75294	5.27778	0.0166006
36	31	31	0.964329	0.0517846	5.25334e-05
36	32	29	0.147225	0.000163584	5.25334e-05
36	32	30	6.13787	5.35195	0.016049
36	32	31	2.35364	1.99568	0.00221954
36	33	30	2.89809	2.12085	0.00148407
36	33	31	3.29261	1.28511	0.00218014
37	29	29	1.25364	0.0156707	0.000407134
37	29	30	0.451375	0.0544168	0.000394001
37	30	29	1.9644	0.345228	0.00328334
37	30	30	2.1592	2.22175	0.00812955
37	31	29	1.91214	0.372723	0.000197
37	31	30	5.51164	4.04198	0.0149064
37	31	31	0.380106	0.0032574	6.56668e-05
37	32	29	0.19128	0.00390039	0.000131334
37	32	30	5.6166	4.61018	0.0185706
37	32	31	2.70833	2.46613	0.00374301
37	33	30	3.13239	3.00292	0.00684248
37	33	31	3.07728	1.48846	0.00960048
37	34	30	0.256467	0.0265258	0.000249534
37	34	31	0.935021	0.346968	0.000551601
37	35	31	0.213326	0.00174927	0.000183867
38	29	29	0.421628	0.0151318	0.000919335
38	29	30	0.389023	0.0140878	0.0001576
38	30	29	1.17584	0.289877	0.00366421
38	30	30	1.90407	0.984684	0.00693441
38	31	29	0.81018	0.463481	0.000551601
38	31	30	4.04426	2.96263	0.0118988
38	32	30	5.83172	2.5943	0.02167
38	32	31	3.09711	2.30161	0.00531901
38	33	30	4.06295	2.57765	0.0110846
38	33	31	3.63114	1.36227	0.0152478
38	34	30	0.300083	0.056988	0.000512201
38	34	31	1.23689	0.487097	0.00660608
38	35	31	0.215357	0.00408756	0.00115574
38	35	32	0.08192	6.79996e-05	5.25334e-05
39	29	29	0.198266	0.00662843	0.000485934
39	29	30	0.176272	0.00129818	5.25334e-05
39	30	29	0.62449	0.124403	0.00415014
39	30	30	1.18131	0.283463	0.00348034
39	31	29	0.574522	0.163642	0.0020882
39	31	30	2.70951	1.55745	0.022747
39	31	31	0.215425	0.00650163	0.000354601
39	32	29	0.130597	0.00533121	0.000183867
39	32	30	4.54551	2.63023	0.0232986
39	32	31	2.40966	2.77501	0.00175987
39	33	30	3.47591	2.72464	0.010336
39	33	31	3.44652	1.27096	0.0133435
39	34	30	0.715505	0.0938247	0.000485934
39	34	31	1.67429	0.644361	0.00408447
40	29	29	0.118109	0.0034041	0.000394001
40	29	30	0.0663623	0.000133003	7.88001e-05
40	30	29	0.296918	0.0466421	0.00420267
40	30	30	0.545587	0.142732	0.00442594
40	31	29	0.640695	0.0447651	0.000262667
40	31	30	1.92855	0.919354	0.0165874
40	31	31	0.128571	0.00757414	0.000210134
40	32	29	0.182704	0.00147862	7.88001e-05
40	32	30	3.40758	1.72786	0.0166531
40	32	31	1.75927	1.57594	0.0013396
40	33	30	3.9024	1.54935	0.00696068
40	33	31	3.60406	0.76655	0.00656668
40	34	30	1.48958	0.0493322	9.19335e-05
40	34	31	2.35034	0.447749	0.00158914
41	29	29	0.045768	6.21564e-05	0.000394001
41	29	30	0.0174623	1.80957e-05	6.56668e-05
41	30	29	0.144283	0.00751099	0.00298127
41	30	30	0.1827	0.0212884	0.00211447
41	31	29	0.286097	0.0155815	0.0013396
41	31	30	1.12196	0.315969	0.0131859
41	32	29	0.10983	0.00113681	0.0001182
41	32	30	2.12548	0.779804	0.00703948
41	32	31	1.82883	0.306566	0.000367734
41	33	30	2.79504	1.25555	0.00772241
41	33	31	2.88177	1.27174	0.00740721
41	34	30	0.796063	0.355718	0.0018912
41	34	31	1.73348	0.541091	0.0192666
41	34	32	0.0435738	1.45373e-05	7.88001e-05
41	35	31	0.755798	0.0834751	0.00286307
42	30	29	0.111645	0.00119409	0.00101127
42	30	30	0.130645	0.00486647	0.00225894
42	31	29	0.159435	0.00616208	0.00195687
42	31	30	0.605597	0.129146	0.0212366
42	32	29	0.0867419	0.000339777	0.000288934
42	32	30	1.65884	0.603249	0.0266738
42	32	31	0.706914	0.411355	0.0011426
42	33	30	2.21743	0.843414	0.0127131
42	33	31	2.32956	0.890106	0.0123979
42	34	30	0.83778	0.356932	0.00369047
42	34	31	1.83945	0.543095	0.0307452
42	34	32	0.0271859	0.000250033	7.88001e-05
42	35	31	0.808098	0.113959	0.00629088
43	30	30	0.0457096	0.000971763	0.000814268
43	31	29	0.109258	0.000870096	0.000656668
43	31	30	0.357361	0.0316573	0.0121484
43	32	30	1.22342	0.229331	0.0204618
43	32	31	0.413264	0.116715	0.00135274
43	33	30	1.94031	0.448809	0.010533
43	33	31	1.93657	0.622421	0.00798508
43	34	30	0.52249	0.227504	0.00231147
43	34	31	1.68364	0.441206	0.0199364
43	34	32	0.125854	0	1.31334e-05
43	35	31	0.786816	0.145511	0.00805075
43	35	32	0.134825	0.00726798	0.000183867
43	36	31	0.311401	0.00508521	6.56668e-05
44	30	30	0.0295621	0	1.31334e-05
44	31	30	0.233659	0.0124832	0.0026792
44	32	30	0.839785	0.148039	0.0113341
44	32	31	0.427439	0.0966829	0.00109007
44	33	30	1.32609	0.223966	0.0223136
44	33	31	1.28452	0.346664	0.0132253
44	34	30	0.820574	0.221935	0.00139214
44	34	31	1.50134	0.261345	0.0108613
44	34	32	0.045021	0	1.31334e-05
44	35	31	0.67462	0.114218	0.0178351
44	35	32	0.205249	0.0109334	0.0015366
44	36	31	0.307417	0.00966331	0.0014972
44	36	32	0.335753	0	1.31334e-05
45	31	30	0.0382658	0.000843295	0.000354601
45	32	30	0.512843	0.0498447	0.00273174
45	32	31	0.119161	0.0123075	0.000407134
45	33	30	0.881421	0.106075	0.0149326
45	33	31	0.817558	0.234518	0.0100602
45	34	30	0.81232	0.223861	0.0002758
45	34	31	1.22633	0.145541	0.0115705
45	35	30	0.0944824	0.000231415	6.56668e-05
45	35	31	0.713142	0.105234	0.00810328
45	35	32	0.255638	0.00457469	0.000262667
45	36	31	0.353323	0.0194311	0.000223267
45	36	32	0.334474	0	1.31334e-05
46	33	30	0.667683	0.0364041	0.00405821
46	33	31	0.600841	0.10924	0.00405821
46	34	30	0.385878	0.0620221	0.0010244
46	34	31	0.940762	0.0812351	0.00784061
46	35	30	0.104792	0.000255772	2.62667e-05
46	35	31	0.6723	0.0843736	0.00642221
46	35	32	0.331514	0.000337366	0.000144467
46	36	31	0.219563	0.015823	0.00308634
46	36	32	0.220775	0.00226309	0.000643534
46	37	32	0.114535	0.000199463	0.000210134
47	33	30	0.37032	0.00966531	0.0016154
47	33	31	0.315508	0.021324	0.0014972
47	34	30	0.309322	0.0194049	0.00101127
47	34	31	0.712262	0.0455949	0.00772241
47	35	31	0.546639	0.0472964	0.020094
47	35	32	0.152447	0.00488565	0.000985002
47	36	31	0.320363	0.0196157	0.00640908
47	36	32	0.171157	0.012078	0.0026004
47	37	31	0.0263529	0.000415195	0.000499068
47	37	32	0.0434279	0.000704445	0.00257414
47	38	32	0.0160497	0	2.62667e-05
48	33	30	0.228961	0.00842859	0.0013396
48	33	31	0.242304	0.00722627	0.000932468
48	34	30	0.215979	0.00898577	0.000748601
48	34	31	0.438186	0.0300278	0.00780121
48	35	30	0.0379195	0	3.94001e-05
48	35	31	0.498778	0.0244278	0.00937722
48	35	32	0.0926302	0.00469247	0.00172047
48	36	31	0.304468	0.0167507	0.00633028
48	36	32	0.190125	0.00590923	0.00383494
48	37	31	0.0696767	0.000470111	0.000223267
48	37	32	0.0572722	0.00135676	0.00766988
48	38	32	0.0216894	2.04566e-05	0.000288934
49	33	30	0.0984814	0.00117179	0.00109007
49	33	31	0.0896629	0.00234202	0.000866802
49	34	30	0.118459	0.00303454	0.00258727
49	34	31	0.272879	0.0102267	0.0120564
49	35	30	0.0664633	1.53509e-05	6.56668e-05
49	35	31	0.343308	0.0121569	0.00870742
49	35	32	0.12939	0.00122502	2.62667e-05
49	36	31	0.268928	0.00918068	0.00706575
49	36	32	0.224715	0.00404614	0.00210134
49	37	31	0.0801469	0.000696262	0.000761735
49	37	32	0.0704418	0.00162246	0.0026398
49	38	32	0.0168047	2.75235e-05	0.0017336
50	33	30	0.0917002	6.34138e-05	0.000105067
50	34	30	0.0649225	0.000164269	0.000210134
50	34	31	0.175579	0.00598263	0.00517454
50	35	30	0.0548234	1.2332e-05	6.56668e-05
50	35	31	0.246717	0.00542775	0.00994195
50	35	32	0.075371	0.00145218	0.000210134
50	36	31	0.186804	0.00696442	0.00592314
50	36	32	0.21177	0.00089631	0.000420267
50	37	31	0.0748358	0.000771624	0.000433401
50	37	32	0.0795006	0.00105994	0.000223267
50	38	32	0.0261066	0	2.62667e-05
51	35	31	0.216033	0.00396745	0.000630401
51	36	31	0.085143	0.00301262	6.56668e-05
