34	31	29	0.578992	0.00459904	5.21655e-05
34	31	30	7.17639	11.6776	0.00152584
34	32	30	5.44196	6.62599	0.00272565
35	31	29	1.23792	0.166617	0.000130414
35	31	30	8.71256	5.70551	0.00442103
35	31	31	0.721507	0.205588	0.000130414
35	32	30	5.0484	5.13843	0.0064294
35	32	31	3.41799	1.09367	0.000821607
35	33	30	3.48677	0.575867	0.000404283
35	33	31	3.22601	0.346677	0.000234745
36	31	30	6.67066	6.74621	0.00862035
36	31	31	1.22197	0.180666	0.000182579
36	32	29	0.132101	0	1.30414e-05
36	32	30	5.67221	5.09271	0.0195621
36	32	31	3.49086	1.60232	0.00216487
36	33	30	3.16644	1.90535	0.00303864
36	33	31	2.57319	1.40198	0.00444711
36	34	31	0.541416	0.113924	0.00399066
36	35	31	0.0808223	0.00169257	0.00109548
37	30	29	1.53843	0.338146	0.00176059
37	30	30	2.80732	2.02637	0.00213879
37	31	29	1.83921	0.42409	0.000534697
37	31	30	6.08212	3.46291	0.0119329
37	32	29	0.172991	0.00659172	3.91241e-05
37	32	30	5.53881	4.81593	0.0120372
37	32	31	3.22256	1.91692	0.00122589
37	33	30	2.81611	2.54719	0.00367767
37	33	31	1.83294	1.71318	0.00479923
37	34	30	0.186351	0.000453836	3.91241e-05
37	34	31	0.786642	0.226358	0.00631203
37	34	32	0.0280389	0.000220038	0.000339076
37	35	31	0.130472	0.00564486	0.000769441
37	35	32	0.0374055	0.000121078	0.000247786
38	30	29	1.53623	0.524885	9.12897e-05
38	30	30	2.30425	0.506256	0.00110852
38	31	29	0.995599	0.547617	0.00157801
38	31	30	4.11704	2.60342	0.0218182
38	31	31	0.857614	0.0286375	3.91241e-05
38	32	29	0.123389	0.00850176	0.000169538
38	32	30	5.30181	3.64827	0.0216226
38	32	31	2.3238	1.8742	0.00327339
38	33	30	2.66394	4.18948	0.00542521
38	33	31	3.21933	1.74656	0.00383417
38	34	30	0.381173	0.0338644	0.000156497
38	34	31	1.23628	0.303685	0.00275173
38	34	32	0.0267733	0	3.91241e-05
38	35	31	0.261829	0.00265444	5.21655e-05
39	30	29	1.32427	0.00820453	0.000104331
39	30	30	1.91322	0.0480294	0.000260828
39	31	29	0.813383	0.218414	0.000625986
39	31	30	2.86497	1.33843	0.0144368
39	31	31	0.264612	0.000700592	6.52069e-05
39	32	30	4.88798	2.01343	0.0248177
39	32	31	2.45284	1.87515	0.00446015
39	33	30	3.77381	3.16496	0.00830736
39	33	31	3.30844	1.84365	0.00899855
39	34	30	0.204481	0.0813203	0.000639028
39	34	31	1.67056	0.519021	0.00306472
40	30	29	0.821397	0.0055874	2.60828e-05
40	30	30	1.02657	0.00992388	0.000260828
40	31	29	0.475787	0.0395293	0.000247786
40	31	30	1.7364	1.11868	0.00902464
40	31	31	0.097485	0.00378495	0.000130414
40	32	29	0.137595	0.000839326	9.12897e-05
40	32	30	3.73167	1.65776	0.0194186
40	32	31	2.06292	0.972924	0.00156497
40	33	30	3.33082	2.71422	0.0103809
40	33	31	3.28015	1.52251	0.00766833
40	34	30	0.809942	0.130337	0.00108243
40	34	31	2.06523	0.40594	0.00335163
41	31	29	0.385546	0.0303219	0.000299952
41	31	30	1.05958	0.407987	0.00426453
41	31	31	0.0323889	0.00251677	0.000104331
41	32	30	2.78239	1.07726	0.0240092
41	32	31	1.05524	0.756134	0.00461665
41	33	30	3.15108	1.39843	0.0128979
41	33	31	2.92372	1.17554	0.0157018
41	34	30	1.32379	0.20399	0.000273869
41	34	31	2.32635	0.533636	0.00482531
42	30	30	0.181302	0.000637049	0.000143455
42	31	29	0.284647	0.000833915	0.000117372
42	31	30	0.568983	0.134796	0.00594687
42	32	29	0.0593363	0.000727467	0.000273869
42	32	30	1.7794	0.625309	0.0228355
42	32	31	0.790147	0.298177	0.00276477
42	33	30	2.59134	0.851484	0.0149715
42	33	31	2.55466	0.769797	0.0202141
42	34	30	1.08548	0.260935	0.000978104
42	34	31	1.89984	0.698959	0.0196403
42	34	32	0.0988029	1.59681e-07	3.91241e-05
42	35	30	0.0634628	0	1.30414e-05
42	35	31	0.56378	0.0948179	0.00320818
42	35	32	0.176169	0.00256877	0.000182579
42	36	31	0.239163	0.00175869	7.82483e-05
43	31	30	0.324889	0.0392158	0.000273869
43	32	29	0.0531491	0.000400626	0.000208662
43	32	30	1.24528	0.298237	0.0175146
43	32	31	0.429306	0.0601734	0.000899855
43	33	30	1.39451	0.817398	0.0124676
43	33	31	1.82739	0.704746	0.0081639
43	34	30	0.56962	0.107644	0.000834648
43	34	31	1.68928	0.351127	0.017019
43	35	30	0.0471264	0.000535783	0.000221703
43	35	31	0.678614	0.126293	0.0100419
43	35	32	0.192044	0.00481894	0.000821607
43	36	31	0.257921	0.00343672	0.00101723
43	36	32	0.266711	8.11427e-06	5.21655e-05
44	31	29	0.0365039	0.000391949	0.000117372
44	31	30	0.194066	0.00716014	0.00229528
44	32	29	0.0253802	0.000123313	0.000612945
44	32	30	0.675441	0.116023	0.0092985
44	32	31	0.275359	0.0471588	0.000965062
44	33	30	1.2564	0.168861	0.00490356
44	33	31	1.46516	0.342764	0.00359942
44	34	30	0.769728	0.220349	0.0015128
44	34	31	1.48086	0.298083	0.014189
44	35	31	0.809338	0.129769	0.00637723
44	35	32	0.198629	0.00559616	0.000782483
44	36	31	0.285756	0.0195098	0.000182579
45	31	29	0.0333763	0.000136318	5.21655e-05
45	31	30	0.158572	0.00179047	0.000886814
45	32	29	0.028938	8.04892e-06	3.91241e-05
45	32	30	0.399301	0.0365958	0.00670327
45	32	31	0.117247	0.0104724	0.00177363
45	33	30	0.958093	0.0785416	0.00174754
45	33	31	0.809307	0.279786	0.00153888
45	34	30	0.797007	0.190048	0.000169538
45	34	31	1.235	0.198643	0.0100419
45	35	31	0.788966	0.126548	0.00516439
45	36	31	0.423663	0.0171168	0.000234745
46	32	30	0.378052	0.00502362	0.000195621
46	32	31	0.257153	3.4764e-10	2.60828e-05
46	33	30	0.481124	0.0504546	0.00260828
46	33	31	0.724927	0.051882	0.00178667
46	34	30	0.688968	0.0524762	0.000430366
46	34	31	0.799929	0.134929	0.00828128
46	35	30	0.0531442	0.000568931	0.000104331
46	35	31	0.663902	0.0527115	0.0130414
46	35	32	0.19374	0.0103951	0.00109548
46	36	31	0.275753	0.0207353	0.00671631
46	36	32	0.202113	0.00838607	0.00323426
46	37	31	0.0591202	0.000425274	0.000443407
46	37	32	0.0821239	0.000404768	0.00148672
47	33	30	0.283602	0.0317213	0.00243874
47	33	31	0.411489	0.0269551	0.000938979
47	34	30	0.446464	0.0224911	0.000195621
47	34	31	0.619666	0.0758833	0.0136543
47	35	31	0.556601	0.0621969	0.0198751
47	35	32	0.116255	0.00643507	0.00125197
47	36	31	0.288292	0.0159577	0.00374288
47	36	32	0.188473	0.00886436	0.00215183
47	37	31	0.0532753	0.000957232	0.000508614
47	37	32	0.0856958	0.000827747	0.000860731
48	33	30	0.302511	0.000107228	5.21655e-05
48	33	31	0.31418	0.000402085	0.000143455
48	34	30	0.2023	0.00613056	0.00126501
48	34	31	0.44528	0.023048	0.011972
48	35	30	0.0565183	0.000984469	9.12897e-05
48	35	31	0.460768	0.0259824	0.0172668
48	35	32	0.119375	0.00585659	0.00127806
48	36	31	0.221484	0.0243975	0.00456448
48	36	32	0.170125	0.00761723	0.00185188
48	37	31	0.0472642	0.000915919	0.000417324
48	37	32	0.10892	0.000948584	0.00153888
49	33	31	0.0991271	0.000980507	3.91241e-05
49	34	30	0.139615	0.00278368	0.00066511
49	34	31	0.299947	0.0147916	0.00912897
49	35	30	0.0632311	0.000104894	0.000169538
49	35	31	0.356123	0.0136865	0.0298126
49	35	32	0.0877619	0.00498161	0.0016693
49	36	31	0.273633	0.00929085	0.0161452
49	36	32	0.186687	0.00498752	0.00536001
49	37	31	0.0995382	0.00176856	0.000208662
49	37	32	0.0803782	0.00198252	0.00185188
50	33	30	0.117107	-3.46945e-18	3.91241e-05
50	33	31	0.0955451	9.2142e-07	5.21655e-05
50	34	30	0.0788922	0.000965543	0.00169538
50	34	31	0.151023	0.00263196	0.00418628
50	35	30	0.018695	3.88547e-05	5.21655e-05
50	35	31	0.247272	0.00701217	0.025209
50	35	32	0.0698007	0.00177762	0.00177363
50	36	31	0.226281	0.00551682	0.0142542
50	36	32	0.144485	0.00448352	0.00688585
50	37	31	0.102316	0.0015091	0.000860731
50	37	32	0.0979526	0.00179736	0.00715972
50	38	32	0.0279461	3.35466e-05	0.000652069
51	34	30	0.0318633	0.000340114	9.12897e-05
51	34	31	0.10203	0.000673874	0.00221703
51	35	30	0.0167227	4.06601e-05	0.000404283
51	35	31	0.15622	0.00430845	0.0228615
51	35	32	0.0305735	0.000298807	0.000769441
51	36	31	0.185714	0.00253574	0.0128718
51	36	32	0.115606	0.00254422	0.00525568
51	37	31	0.0835356	0.00100876	0.00133022
51	37	32	0.0982324	0.00130209	0.00580341
51	38	32	0.0215562	5.51757e-05	0.00246482
52	34	31	0.0656513	0.000179257	0.00254307
52	35	30	0.0144375	5.20967e-06	0.000195621
52	35	31	0.0951891	0.00122196	0.0182579
52	35	32	0.0321336	8.57397e-05	0.000417324
52	36	31	0.107563	0.00189864	0.00775962
52	36	32	0.111549	0.00105136	0.00185188
52	37	31	0.0501067	0.000810945	0.00202141
52	37	32	0.0754037	0.000644858	0.0102896
52	38	32	0.0233862	7.55403e-05	0.00169538
53	35	31	0.0550849	0.000550022	0.0103549
53	35	32	0.0231526	8.79595e-06	7.82483e-05
53	36	31	0.0776722	0.000599459	0.0153236
53	36	32	0.0583242	0.000696539	0.00296039
53	37	31	0.0550959	0.000478054	0.00122589
53	37	32	0.0542229	0.000529254	0.00886814
53	38	32	0.0250956	7.41988e-05	0.00225616
54	35	31	0.0385062	9.93816e-05	0.000730317
54	36	31	0.0538664	0.000279116	0.00569908
54	36	32	0.0438349	0.000241824	0.0017345
54	37	31	0.0453439	0.000336761	0.0013563
54	37	32	0.0507109	0.000215994	0.00482531
54	38	32	0.0301674	6.47574e-05	0.000495572
55	36	31	0.0385986	9.43625e-05	0.00123893
55	36	32	0.0413138	0.000107023	0.000104331
55	37	31	0.0254201	0.000116906	0.000912897
55	37	32	0.0321946	0.000118249	0.0013563
56	37	31	0.0159667	0	1.30414e-05
56	37	32	0.0151089	0	2.60828e-05
