31	31	30	8.44197	1.17261	3.9247e-05
32	31	30	9.36479	4.66696	0.00104659
32	32	30	3.45761	0.82081	0.00100734
32	32	31	1.47085	0.546029	0.000353223
33	30	30	11.0668	2.34135	7.8494e-05
33	31	30	8.93891	7.45374	0.00333599
33	32	30	4.48553	1.72893	0.00243331
33	32	31	2.70682	0.370288	0.000405552
34	30	30	11.0463	0.147462	9.15763e-05
34	31	30	9.38943	2.17219	0.000588705
35	30	30	8.08312	0.542499	0.000117741
35	31	29	3.87544	0.181587	5.23293e-05
35	31	30	8.4757	2.58224	0.000549458
36	30	29	3.13383	1.02387	0.000366305
36	30	30	5.73439	1.33299	0.00095501
36	31	29	1.68976	1.05842	0.000549458
36	31	30	6.68015	2.56483	0.00219783
37	30	30	5.08134	0.299419	0.000248564
37	31	29	2.0314	0.419399	3.9247e-05
37	31	30	6.16209	3.01797	0.00368922
37	32	30	3.33346	2.8452	0.000366305
38	29	29	0.393679	0.00283444	0.000457881
38	30	29	1.1532	0.556904	0.000771857
38	30	30	1.33314	1.00555	0.00163529
38	31	29	1.35913	0.229253	0.000588705
38	31	30	3.89562	2.71722	0.00565157
38	32	30	6.91118	0.731314	0.000771857
38	33	30	5.01699	0	3.9247e-05
38	33	31	3.85583	2.37521e-05	5.23293e-05
38	34	31	1.19323	0.0671547	0.000313976
39	29	29	0.270688	0.00931699	0.000353223
39	29	30	0.0644421	0.00453561	0.000588705
39	30	29	0.483436	0.0583716	0.00100734
39	30	30	0.571394	0.27555	0.00206701
39	31	29	1.0109	0.00507334	2.61647e-05
39	31	30	3.02868	1.70595	0.00528526
39	31	31	0.0666139	0.00185545	0.000353223
39	32	30	4.52303	1.68632	0.0099164
39	32	31	2.76355	1.38009	0.000745693
39	33	30	3.17765	3.8391	0.00413402
39	33	31	3.08453	1.42875	0.00962859
39	34	30	1.66799	0	1.30823e-05
39	34	31	1.92044	0.339217	0.00486663
40	30	29	0.344478	0.0159927	0.00137364
40	30	30	0.583477	0.0895999	0.00313976
40	31	29	0.667688	0.00925201	0.000143906
40	31	30	1.59953	0.41625	0.00255105
40	32	30	3.73159	1.55003	0.0130954
40	32	31	1.35696	0.82524	0.00340141
40	33	30	3.28926	2.81121	0.00490587
40	33	31	3.19268	1.23477	0.00455265
40	34	30	0.507616	0.217289	0.00162221
40	34	31	1.97584	0.569542	0.00520677
41	30	30	0.592098	0.000439677	9.15763e-05
41	31	29	0.355583	0.0140438	0.000549458
41	31	30	1.52102	0.429869	0.00592629
41	32	30	2.68189	1.00601	0.0159735
41	32	31	1.14567	0.843953	0.00217167
41	33	30	3.11791	1.34194	0.011434
41	33	31	3.06199	0.934909	0.011604
41	34	30	0.586023	0.311143	0.00154371
41	34	31	1.80789	0.489397	0.0127814
41	35	31	0.859345	0.0492536	0.000549458
42	31	29	0.155772	0	1.30823e-05
42	31	30	0.80399	0.0923779	0.00565157
42	32	29	0.158122	7.10308e-08	5.23293e-05
42	32	30	1.70119	0.478976	0.0186946
42	32	31	1.01985	0.63461	0.00154371
42	33	30	2.19651	1.19681	0.0191002
42	33	31	2.63927	0.786103	0.019061
42	34	30	0.736901	0.429937	0.00189694
42	34	31	1.96996	0.649213	0.0150578
42	34	32	0.066473	2.67959e-05	0.00017007
42	35	30	0.0402047	1.26879e-07	5.23293e-05
42	35	31	0.570532	0.103633	0.00150447
42	35	32	0.113613	0	1.30823e-05
43	31	29	0.0686834	0.00120122	0.000261647
43	31	30	0.41622	0.0300822	0.00544225
43	32	30	1.08129	0.254294	0.0235351
43	32	31	0.509984	0.200929	0.00124282
43	33	30	1.8248	0.538102	0.0259815
43	33	31	1.98515	0.51754	0.0236659
43	34	30	0.847753	0.319063	0.00324442
43	34	31	1.70178	0.396244	0.0317508
43	34	32	0.0439975	0	1.30823e-05
43	35	31	0.830554	0.116114	0.0109892
43	35	32	0.230022	0.00250721	0.00017007
43	36	31	0.233198	0.00590275	0.000209317
44	30	29	0.0335274	3.19573e-05	0.000143906
44	30	30	0.0390633	1.71588e-06	2.61647e-05
44	31	29	0.0463712	0.000561892	0.0019231
44	31	30	0.208565	0.0132461	0.00470964
44	32	29	0.0380346	1.36697e-05	5.23293e-05
44	32	30	0.64835	0.113398	0.0133701
44	32	31	0.344457	0.042889	0.000575622
44	33	30	1.2859	0.301357	0.0260731
44	33	31	1.43585	0.45073	0.023208
44	34	30	0.875213	0.205615	0.00559924
44	34	31	1.50808	0.27775	0.0350083
44	34	32	0.0314099	0	1.30823e-05
44	35	31	0.86516	0.0989446	0.0126114
44	35	32	0.242097	0.00863414	0.000981175
44	36	31	0.314933	0.00928753	0.00112508
44	36	32	0.205853	0.00820046	0.00180536
44	37	31	0.0271223	2.84156e-07	9.15763e-05
44	37	32	0.0522193	8.55715e-05	0.000183153
45	31	29	0.0245066	0.000107017	0.000863434
45	31	30	0.0975887	0.00136731	0.00205393
45	32	29	0.0164983	0	2.61647e-05
45	32	30	0.376858	0.0386597	0.0108452
45	32	31	0.168985	0.00683003	0.00056254
45	33	30	0.823719	0.133039	0.0296446
45	33	31	1.12819	0.179622	0.0153587
45	34	30	0.606641	0.139563	0.00544225
45	34	31	1.17398	0.200713	0.0242416
45	35	30	0.0927411	0.000971418	0.000235482
45	35	31	0.849713	0.0960494	0.0121796
45	35	32	0.287414	0.00806905	0.000876516
45	36	31	0.23697	0.0183734	0.00256414
45	36	32	0.188209	0.00580119	0.00336216
45	37	32	0.0721015	1.2674e-05	6.54116e-05
46	31	29	0.013949	1.61607e-08	5.23293e-05
46	31	30	0.0442384	0.000284478	0.000745693
46	32	30	0.207283	0.0152808	0.00873899
46	32	31	0.11862	0.00120182	0.000575622
46	33	30	0.58334	0.05518	0.023365
46	33	31	0.616789	0.109602	0.00901372
46	34	30	0.495478	0.0786714	0.00457881
46	34	31	0.935178	0.105116	0.0201991
46	34	32	0.019841	5.45726e-05	0.000104659
46	35	31	0.805813	0.0485799	0.00468347
46	35	32	0.237648	0.00474931	0.000261647
46	36	31	0.470614	0.00195059	0.000287811
46	36	32	0.227975	0.0056909	0.000497128
47	31	30	0.0290821	4.09269e-06	0.000130823
47	32	30	0.12347	0.00262794	0.00455265
47	33	30	0.336544	0.026865	0.00869975
47	33	31	0.408721	0.0329824	0.00630568
47	34	30	0.4122	0.0145232	0.0025903
47	34	31	0.66575	0.042195	0.0199113
47	34	32	0.0287035	7.56782e-05	6.54116e-05
47	35	30	0.0356224	1.18762e-05	0.000117741
47	35	31	0.585432	0.045454	0.0145868
47	35	32	0.16113	0.0058506	0.000549458
47	36	31	0.396176	0.0170983	0.00228941
48	32	30	0.0559762	0.000720853	0.00457881
48	33	30	0.177127	0.00740908	0.00590013
48	33	31	0.213189	0.012257	0.00249872
48	34	30	0.249524	0.0122486	0.0017007
48	34	31	0.426907	0.0320229	0.0214943
48	35	31	0.475925	0.0280537	0.0180929
48	35	32	0.130751	0.00959547	0.000510211
48	36	31	0.298194	0.0223126	0.00146522
48	36	32	0.321126	0	1.30823e-05
49	33	30	0.115088	0.00205023	0.00194927
49	33	31	0.15713	0.00202746	0.000549458
49	34	30	0.124563	0.00457783	0.00293044
49	34	31	0.264342	0.0129579	0.0258245
49	35	30	0.0380631	0.000431766	0.000588705
49	35	31	0.364246	0.0159782	0.0138673
49	35	32	0.0585231	0.00231769	0.00102042
49	36	31	0.241254	0.0131554	0.00149139
49	36	32	0.232082	0.00022515	0.000340141
49	37	31	0.0444329	0	1.30823e-05
50	33	30	0.0894925	0.000278726	0.000196235
50	33	31	0.0499934	0.0011109	0.000523293
50	34	30	0.0783914	0.000705134	0.00100734
50	34	31	0.167124	0.00471324	0.0171248
50	35	30	0.0281387	0.000125801	0.000941928
50	35	31	0.228455	0.00564454	0.024307
50	35	32	0.0861588	1.41298e-05	2.61647e-05
50	36	31	0.235224	0.00339325	0.00582164
50	36	32	0.185337	0.00190695	0.00176611
50	37	31	0.0651063	0.0015613	0.000614869
50	37	32	0.155597	6.38644e-05	9.15763e-05
51	34	30	0.0509976	0.000142436	0.000287811
51	34	31	0.111261	0.00166721	0.00681589
51	35	30	0.0216109	5.52285e-05	0.0002224
51	35	31	0.15745	0.00307112	0.0159081
51	35	32	0.0315648	0.000579699	0.000209317
51	36	31	0.174288	0.00521054	0.00313976
51	36	32	0.086513	0.0012821	0.00108583
51	37	31	0.0740783	0.000736153	0.000353223
51	37	32	0.108788	0.00025683	0.000431717
52	34	31	0.0988648	0	1.30823e-05
52	35	31	0.11292	0.00259396	0.0024464
52	35	32	0.0498784	4.20664e-09	0.000104659
52	36	31	0.113661	0.00238761	0.00775782
52	36	32	0.088364	0.000920678	0.00153063
52	37	31	0.0647375	0.000369739	0.000209317
52	37	32	0.0906277	0.000381047	0.00095501
53	35	31	0.0652721	0.000713618	0.00102042
53	36	31	0.0680393	0.00107302	0.00557307
53	36	32	0.0879719	0.000470673	0.00039247
53	37	31	0.0705497	0.000253828	0.000418634
53	37	32	0.0688077	0.000451308	0.00124282
53	38	32	0.022315	4.96415e-05	0.000654116
54	35	31	0.0440029	0.000120297	0.000510211
54	36	31	0.0534867	0.000212456	0.00566465
54	36	32	0.0444182	0.00022228	0.00136056
54	37	31	0.0430262	0.000326297	0.000575622
54	37	32	0.0380281	0.000248237	0.0015568
54	38	32	0.0203743	4.50693e-05	0.00499745
55	36	31	0.0348782	8.48022e-05	0.00153063
55	36	32	0.0248324	9.9145e-05	0.00156988
55	37	31	0.029478	0.000157548	0.000431717
55	37	32	0.0305014	8.51727e-05	0.00317901
55	38	32	0.0178824	2.86787e-05	0.00667199
55	39	32	0.0102857	0	1.30823e-05
56	36	31	0.0162664	1.59221e-05	0.00153063
56	36	32	0.014385	2.06135e-05	0.000209317
56	37	31	0.0198234	1.57939e-05	0.000484046
56	37	32	0.0235707	2.82121e-05	0.00404244
56	38	32	0.017216	1.91764e-05	0.00508903
57	36	31	0.0141551	3.00162e-06	0.000680281
57	36	32	0.0127219	5.20441e-06	0.000313976
57	37	31	0.0138638	5.00566e-06	0.00120357
57	37	32	0.0158944	7.44514e-06	0.0019231
