27	29	29	12.7483	0.0558229	0.00011848
27	29	30	10.2782	1.72558	0.000171138
28	29	29	9.28665	0.871375	0.000197467
28	30	29	8.55926	8.31026	0.000144809
28	30	30	11.424	1.00826	0.000302783
29	28	29	7.82908	2.00186	0.000171138
29	29	29	9.28475	3.66484	0.000289618
29	30	29	6.79202	15.4028	0.00132961
29	30	30	9.53695	10.3889	0.00105316
30	28	29	6.0469	1.36882	0.000250125
30	29	29	9.82367	6.18459	0.00364656
30	29	30	8.33443	10.7549	0.00102683
30	30	29	9.12455	8.65946	0.000539744
30	30	30	10.6559	10.5775	0.00333061
30	31	30	6.19098	5.43659	0.00188252
31	28	29	2.79957	0.772672	0.000131645
31	29	29	8.00924	6.46265	0.00231695
31	29	30	6.04928	16.5176	0.000671388
31	30	29	8.307	8.80989	0.00439694
31	30	30	11.1692	7.22247	0.00914931
31	31	29	2.12664	0.480023	0.000105316
31	31	30	5.71192	8.66339	0.00467339
31	31	31	1.00235	0.247559	0.00026329
31	32	30	3.46239	0.663255	0.00226429
31	32	31	0.894311	0.251961	0.0012243
32	28	29	2.64539	0.00185182	6.58224e-05
32	29	29	5.61303	3.76134	0.00251442
32	29	30	2.67154	6.17866	0.000197467
32	30	29	4.67173	9.67706	0.00462073
32	30	30	10.3424	8.81875	0.00564756
32	31	29	1.30887	1.65212	0.000210632
32	31	30	7.36384	8.5379	0.0098207
32	31	31	1.35629	0.18255	0.000105316
32	32	30	3.8917	1.95524	0.0032253
32	32	31	1.01986	0.556677	0.00206682
32	33	30	0.445405	0.0536805	0.000329112
32	33	31	0.466485	0.0990492	0.00186936
33	28	29	1.26476	0.108161	0.00038177
33	29	29	4.8582	2.58195	0.00315947
33	29	30	1.20306	0.569895	0.000408099
33	30	29	4.33062	6.84998	0.00415997
33	30	30	7.88667	15.9147	0.00497617
33	31	29	3.56863	0.50136	6.58224e-05
33	31	30	7.74987	8.9725	0.00976804
33	31	31	0.782511	0.288343	0.000210632
33	32	29	0.0467692	0	1.31645e-05
33	32	30	3.70466	4.96126	0.00206682
33	32	31	1.61979	0.747553	0.00121113
33	33	30	1.18606	0.579952	0.000315947
33	33	31	0.801499	0.299878	0.00202733
33	34	31	0.209362	0.00388858	0.000210632
34	28	29	1.28045	0.0507435	0.000250125
34	29	29	2.91428	3.04325	0.00194834
34	30	29	5.77204	2.48601	0.000645059
34	30	30	7.40961	6.43878	0.00315947
34	31	29	1.14322	0.0997478	5.26579e-05
34	31	30	8.15271	10.3187	0.00452858
34	32	30	4.49712	1.79815	0.00103999
34	32	31	3.04519	0.516587	6.58224e-05
34	33	30	1.66787	1.13949	0.000197467
34	33	31	0.883381	0.0466139	0.000197467
35	29	29	2.12515	0.368011	0.000302783
35	29	30	0.804627	0.0593952	5.26579e-05
35	30	29	3.28072	3.9422	0.00210632
35	30	30	4.97723	5.45258	0.00344909
35	31	29	1.16784	0.437253	0.000342276
35	31	30	7.75333	7.20678	0.0084121
35	31	31	1.48257	0.0536603	2.6329e-05
35	32	30	4.65694	6.0168	0.00157974
35	32	31	3.30031	1.06561	0.000157974
35	33	30	3.20483	0.665348	0.000750375
35	33	31	3.39955	0.127732	0.00038177
36	29	29	1.51329	0.268468	0.00127695
36	29	30	1.32292	0.0711207	0.000157974
36	30	29	2.77018	1.81614	0.00289618
36	30	30	4.25667	4.17743	0.00335694
36	31	29	0.748773	0.66418	0.000579237
36	31	30	6.66103	4.92174	0.0147969
36	31	31	0.885826	0	2.6329e-05
36	32	29	0.0970439	0.0057841	0.00038177
36	32	30	6.02149	6.32171	0.00448909
36	32	31	2.9073	1.11899	0.000315947
36	33	30	1.75573	2.32214	0.000789869
36	33	31	1.73069	0.566013	0.000250125
37	30	30	4.13747	0.663347	0.000605566
37	31	29	0.923541	0.444573	0.000421263
37	31	30	5.45002	3.94424	0.0219057
37	31	31	0.801779	0.0794662	7.89869e-05
37	32	30	6.4246	3.07575	0.0129275
37	32	31	3.24475	2.87896	0.00061873
37	33	30	3.82693	1.31336	0.00289618
37	33	31	3.7511	1.41698	0.00147442
38	30	29	1.46657	0.444199	0.000684553
38	30	30	2.94364	0.124803	0.000276454
38	31	29	0.853463	0.312087	0.0022248
38	31	30	3.95259	1.83498	0.00979437
38	32	30	5.51309	2.94043	0.00879387
38	32	31	3.55458	1.90124	0.000671388
38	33	30	3.2783	2.36046	0.00588452
38	33	31	3.49649	1.33155	0.00560807
38	34	30	0.18894	0.0440261	0.000552908
38	34	31	1.24321	0.517448	0.00280403
38	34	32	0.0535761	0.000288755	0.00011848
38	35	31	0.24233	0.0133606	0.00129012
38	35	32	0.0687935	0.000518298	0.000157974
39	30	29	0.786612	0.0862891	0.000895184
39	30	30	0.843007	0.14828	0.00184303
39	31	29	0.296312	0.0966591	0.000724046
39	31	30	3.27208	2.32266	0.00783286
39	32	29	0.0586466	0.000170653	0.00011848
39	32	30	4.70119	2.38657	0.0139543
39	32	31	2.09294	1.45939	0.00227745
39	33	30	3.3655	3.32867	0.00742477
39	33	31	3.03992	1.6034	0.0151523
39	34	30	0.425021	0.091899	0.0010005
39	34	31	1.52324	0.53812	0.00943893
39	35	31	0.358942	0.0279573	0.00327795
39	35	32	0.0680181	0.000415787	0.000513415
40	30	29	0.276371	0.0304345	0.000184303
40	30	30	0.390761	0.0462873	0.000737211
40	31	29	0.523656	0.0607274	0.000171138
40	31	30	2.0605	0.603984	0.0144414
40	32	29	0.141537	0.0101974	3.94934e-05
40	32	30	3.65041	1.93905	0.0221032
40	32	31	2.13151	1.21698	0.00308049
40	33	30	3.39936	2.08457	0.0111108
40	33	31	3.30358	1.27962	0.0159422
40	34	30	0.649845	0.337049	0.00147442
40	34	31	1.9574	0.631354	0.00651642
40	35	31	0.509603	0.0271058	0.000974171
41	30	29	0.515774	0.00205149	7.89869e-05
41	30	30	0.449265	0.0324222	0.000315947
41	31	29	0.278785	0.0154258	0.000394934
41	31	30	1.32451	0.337991	0.0114926
41	32	29	0.112184	0.00308677	0.000131645
41	32	30	2.735	1.05477	0.0209447
41	32	31	1.53721	0.519371	0.00135594
41	33	30	3.03301	1.50955	0.0112951
41	33	31	3.09887	0.846756	0.00793818
41	34	30	0.817017	0.221732	0.000855691
41	34	31	2.01275	0.690272	0.00477871
42	31	29	0.15974	0.00585309	0.000394934
42	31	30	0.757279	0.141922	0.0090045
42	32	29	0.0450252	0.00043334	0.00038177
42	32	30	1.8139	0.574568	0.0360838
42	32	31	0.762506	0.397884	0.00294884
42	33	30	2.44766	0.796538	0.0158632
42	33	31	2.3017	0.954665	0.0127037
42	34	30	1.11612	0.22761	0.000697717
42	34	31	1.78908	0.684122	0.0095969
42	34	32	0.111221	0	3.94934e-05
42	35	31	0.454456	0.0862147	0.00190885
42	35	32	0.287321	0.000245396	6.58224e-05
43	31	29	0.107439	0.00145937	5.26579e-05
43	31	30	0.490007	0.0440132	0.00476554
43	32	30	1.19597	0.31486	0.0291462
43	32	31	0.65712	0.202971	0.00286986
43	33	30	1.80939	0.445066	0.024012
43	33	31	1.79442	0.632783	0.0177457
43	34	30	1.10062	0.278851	0.00255391
43	34	31	1.68706	0.464212	0.0243016
43	35	30	0.0573382	0.000496444	3.94934e-05
43	35	31	0.759498	0.109725	0.00795134
43	36	31	0.314756	0.00275806	0.000250125
43	36	32	0.232461	0.00229488	5.26579e-05
44	31	29	0.0766287	0	1.31645e-05
44	31	30	0.292433	0.0152525	0.00243543
44	32	30	0.750814	0.103286	0.0190753
44	32	31	0.404985	0.0570388	0.0015929
44	33	30	1.29717	0.335853	0.011848
44	33	31	1.2695	0.360985	0.0144941
44	34	30	0.679795	0.217419	0.00223796
44	34	31	1.52347	0.266194	0.0215502
44	35	31	0.792569	0.105946	0.0121376
44	35	32	0.226094	0.00725063	0.00180353
44	36	31	0.223369	0.0171302	0.00246176
44	36	32	0.288516	0.0018468	0.000105316
45	31	30	0.0808662	0.000967439	0.000302783
45	32	30	0.578642	0.0343056	0.00117164
45	32	31	0.284052	0.00104936	0.000157974
45	33	30	0.905116	0.14809	0.0136384
45	33	31	1.06946	0.204243	0.0105974
45	34	30	0.676533	0.172591	0.0036334
45	34	31	1.19925	0.178625	0.0243543
45	34	32	0.071682	0	1.31645e-05
45	35	31	0.717376	0.089286	0.0177194
45	35	32	0.24233	0.00811163	0.00088202
45	36	31	0.33135	0.0166065	0.00173771
45	36	32	0.190955	0.0103284	0.00136911
46	31	30	0.0344013	0.000145947	0.00121113
46	32	30	0.173651	0.00805364	0.00448909
46	32	31	0.0494236	0.001022	0.000566073
46	33	30	0.603318	0.0787965	0.00631895
46	33	31	0.628525	0.0898148	0.00834628
46	34	30	0.509409	0.0661166	0.00235644
46	34	31	0.880324	0.110323	0.0210632
46	35	31	0.628146	0.10009	0.0122693
46	35	32	0.185173	0.00792889	0.000737211
46	36	31	0.270389	0.0182223	0.00305416
46	36	32	0.269332	0.00669246	0.000697717
47	31	30	0.0167662	3.52021e-05	0.00125063
47	32	30	0.127388	0.00264368	0.00115847
47	32	31	0.0461137	1.69904e-05	2.6329e-05
47	33	30	0.349141	0.0288611	0.00493668
47	33	31	0.441374	0.0451481	0.00409415
47	34	30	0.345588	0.0495766	0.000868855
47	34	31	0.636157	0.059001	0.0113346
47	35	31	0.597232	0.040858	0.0141913
47	35	32	0.168651	0.00971929	0.000684553
47	36	31	0.372049	0.0174669	0.00302783
47	36	32	0.279401	0.00566306	0.000539744
48	33	30	0.28346	0.00174362	0.000671388
48	33	31	0.267837	0.00424284	0.0010005
48	34	30	0.211037	0.005651	0.000579237
48	34	31	0.423084	0.0199807	0.00489719
48	35	31	0.50777	0.019179	0.00534478
48	35	32	0.15688	0.00359969	0.000210632
48	36	31	0.376466	0.012149	0.00275138
48	36	32	0.170783	0.00644868	0.0022248
48	37	32	0.0736878	0.00315625	0.000144809
49	33	30	0.141405	0.000244363	0.000223796
49	33	31	0.12722	0.00463308	0.000131645
49	34	30	0.131941	0.00841099	0.000868855
49	34	31	0.237814	0.00919409	0.0037782
49	35	31	0.348488	0.013264	0.0064111
49	35	32	0.107398	0.00321546	0.000539744
49	36	31	0.277921	0.0116056	0.00747742
49	36	32	0.206881	0.00352217	0.00131645
49	37	31	0.0285301	0.000306094	0.000961007
49	37	32	0.0663166	0.00112198	0.00487086
49	38	32	0.0220633	2.15708e-05	0.00038177
50	34	30	0.0802195	0.00178678	0.000487086
50	34	31	0.145126	0.0023568	0.00330428
50	35	31	0.248148	0.00666858	0.00766173
50	35	32	0.0715309	0.000495629	0.000289618
50	36	31	0.24856	0.0032839	0.00521313
50	36	32	0.140606	0.00515297	0.00460757
50	37	31	0.0686381	0.00116247	0.000276454
50	37	32	0.0780511	0.00141864	0.00446276
50	38	32	0.031799	1.4752e-05	0.000197467
51	34	31	0.143908	0.000297566	0.00061873
51	35	31	0.162701	0.00352446	0.00556857
51	36	31	0.214651	0.000877522	0.000552908
51	36	32	0.130271	0.00459776	0.000144809
51	37	32	0.0520285	0.000501925	0.00454174
51	38	32	0.0236662	9.85424e-05	0.00325163
52	35	31	0.101138	0.000760592	0.00289618
52	37	32	0.043779	0.000364391	0.000289618
