32	29	29	4.65343	4.48717	0.00107541
32	29	30	5.98933	0.877544	6.55738e-05
32	30	30	9.16308	0	3.93443e-05
33	29	29	4.75334	7.22379	0.00141639
33	29	30	4.50237	6.05766	0.000170492
33	30	29	7.07135	5.15306	0.00174426
33	30	30	6.12516	6.5498	0.0011541
33	31	30	8.45753	5.76763	0.000301639
33	32	30	7.98068	0	1.31148e-05
34	29	29	3.11212	2.92015	0.00365902
34	29	30	1.99773	2.47608	0.0015082
34	30	29	4.93436	5.80589	0.00401311
34	30	30	8.19584	5.96582	0.00567869
34	31	30	7.48389	9.05712	0.00455082
34	32	30	3.90728	4.57531	0.000970492
34	33	30	2.16901	0.54434	0.000196721
34	33	31	2.43695	0.0236027	5.2459e-05
35	29	29	3.93212	0.521401	0.000118033
35	29	30	2.6855	0	2.62295e-05
35	30	29	4.05753	3.02859	0.0020459
35	30	30	6.44744	3.57596	0.00247869
35	31	29	1.37064	0.182614	3.93443e-05
35	31	30	7.67567	7.01652	0.00482623
35	32	30	5.68303	3.34006	0.00152131
35	32	31	3.83613	0.281462	0.000393443
35	33	30	2.97749	0.832559	0.00100984
35	33	31	3.3073	0.219491	0.000708197
36	30	29	2.60729	2.20053	0.00192787
36	30	30	5.42418	2.13647	0.00363279
36	31	29	1.88336	1.07292	0.000865574
36	31	30	6.68752	4.62592	0.0142557
36	31	31	0.74713	0	1.31148e-05
36	32	30	6.80196	3.9568	0.00643934
36	32	31	2.83315	3.09684	0.00154754
36	33	30	3.76738	1.35149	0.000406557
36	33	31	2.31753	1.13578	0.00243934
36	34	30	0.317411	0.00654	6.55738e-05
36	34	31	1.19319	0.0503375	0.000144262
37	30	29	3.30296	0.0352039	7.86885e-05
37	30	30	3.65075	1.61958	0.00247869
37	31	29	1.73628	1.01635	3.93443e-05
37	31	30	5.68723	3.57357	0.0146623
37	31	31	0.525023	0.0304294	0.000196721
37	32	30	6.09005	3.38294	0.0160393
37	32	31	3.17378	2.21061	0.00283279
37	33	30	3.59361	2.48847	0.00519344
37	33	31	3.15002	1.37782	0.00805246
37	34	30	0.274592	0.000111129	7.86885e-05
37	34	31	1.26086	0.16147	0.0019541
38	30	30	2.87633	0.00862305	2.62295e-05
38	31	29	0.680596	0.0876642	0.000144262
38	31	30	4.10126	2.78102	0.00308197
38	32	30	5.6898	2.60252	0.0143869
38	32	31	2.53121	2.64023	0.0034623
38	33	30	3.63222	2.87515	0.00780328
38	33	31	3.18822	1.93126	0.00862951
38	34	30	0.313779	0.0236318	0.00027541
38	34	31	0.875112	0.286892	0.00262295
38	35	31	0.230219	0.00595802	0.00119344
38	35	32	0.0767243	-2.60209e-18	9.18033e-05
39	30	29	0.348964	0.101215	0.000668852
39	30	30	1.0891	0.230788	0.00102295
39	31	30	3.16312	1.48029	0.00460328
39	32	30	5.10944	1.36121	0.0204459
39	32	31	2.29655	1.56521	0.00280656
39	33	30	3.61951	3.1064	0.00796066
39	33	31	3.55477	1.4006	0.00498361
39	34	30	0.757863	0.0241694	0.000327869
39	34	31	1.16191	0.412817	0.00852459
39	35	31	0.32036	0.0226824	0.00441967
39	35	32	0.100093	0.000664486	0.000485246
40	30	29	0.267176	0.0292372	0.00179672
40	30	30	0.726779	0.125722	0.000668852
40	31	29	0.588176	0.0592938	0.00077377
40	31	30	1.89836	0.764712	0.00776393
40	32	30	3.80361	1.48574	0.0196459
40	32	31	2.27654	1.05601	0.00229508
40	33	30	3.4101	2.37021	0.012459
40	33	31	3.47254	1.39277	0.00771148
40	34	30	0.919253	0.21309	0.00128525
40	34	31	1.47803	0.577349	0.0135082
40	34	32	0.113335	0	1.31148e-05
40	35	31	0.433804	0.0411134	0.00263607
40	35	32	0.11325	0.0017049	0.000432787
40	36	31	0.122593	3.59938e-07	6.55738e-05
40	36	32	0.0291979	0.000575024	0.0008
41	30	30	0.428435	0.0341733	0.000367213
41	31	29	0.268394	0.0120369	0.000813115
41	31	30	1.30603	0.251359	0.00962623
41	32	29	0.1211	0.000921046	0.000209836
41	32	30	2.87532	1.08329	0.0247607
41	32	31	1.75797	0.618637	0.00221639
41	33	30	2.67574	1.65292	0.0142951
41	33	31	3.17661	0.738581	0.0102951
41	34	30	0.884053	0.341305	0.00184918
41	34	31	1.93622	0.648244	0.0133639
41	35	30	0.0344645	7.94133e-05	7.86885e-05
41	35	31	0.48821	0.0529202	0.00220328
41	35	32	0.112409	0.00370194	0.000931148
41	36	31	0.0919007	0.00191631	0.000314754
41	36	32	0.0493654	0.00091549	0.000445902
42	30	29	0.121489	0.0018508	0.000183607
42	30	30	0.155376	0.00428497	0.000393443
42	31	29	0.173325	0.0018471	0.000222951
42	31	30	0.525037	0.138366	0.00340984
42	31	31	0.029957	6.48862e-06	7.86885e-05
42	32	30	1.72282	0.549963	0.00758033
42	32	31	0.956948	0.313118	0.00082623
42	33	30	2.04812	1.15944	0.011318
42	33	31	2.57962	0.761818	0.0104525
42	34	30	1.02484	0.192005	0.00207213
42	34	31	1.78433	0.594817	0.0198164
42	34	32	0.071556	3.95351e-07	3.93443e-05
42	35	31	0.772075	0.095375	0.00224262
42	35	32	0.136687	0.00512868	0.000183607
42	36	31	0.109402	0.00690949	0.000747541
42	36	32	0.131276	0.00256708	5.2459e-05
43	30	29	0.0554193	0.00031649	0.000918033
43	30	30	0.0643657	0.000718223	0.000708197
43	31	29	0.102399	0.00207889	0.00100984
43	31	30	0.313586	0.0362358	0.0072918
43	31	31	0.0216299	2.16858e-06	6.55738e-05
43	32	29	0.0876499	0	2.62295e-05
43	32	30	1.19239	0.272716	0.0124328
43	32	31	0.52575	0.143238	0.000957377
43	33	30	1.66092	0.470495	0.0116197
43	33	31	2.00231	0.532507	0.0122623
43	34	30	0.962184	0.317904	0.00278033
43	34	31	1.80581	0.448281	0.0223869
43	34	32	0.0666895	0.000633169	7.86885e-05
43	35	31	0.757314	0.109662	0.00384262
43	35	32	0.141029	0.00377795	0.000734426
43	36	31	0.168998	0.00589609	7.86885e-05
43	36	32	0.113082	0.00595935	3.93443e-05
44	31	30	0.164058	0.0136665	0.00114098
44	32	30	0.746066	0.107628	0.0114885
44	32	31	0.294272	0.0429848	0.00254426
44	33	30	1.29196	0.29324	0.0138754
44	33	31	1.22049	0.565567	0.0156197
44	34	30	0.656063	0.223445	0.00490492
44	34	31	1.39672	0.334312	0.0296131
44	34	32	0.0415252	0.000267449	0.000104918
44	35	30	0.0951929	7.43817e-08	6.55738e-05
44	35	31	0.805301	0.126197	0.0186098
44	35	32	0.172868	0.00831887	0.00103607
44	36	31	0.229178	0.00700153	0.00110164
44	36	32	0.240534	0.00661888	0.000301639
45	31	29	0.0408366	1.92639e-07	3.93443e-05
45	31	30	0.0651988	0.000969329	0.00082623
45	32	30	0.439763	0.0426635	0.00460328
45	32	31	0.219754	0.0109709	0.00107541
45	33	30	0.880298	0.109335	0.00878689
45	33	31	0.849913	0.25084	0.0100721
45	34	30	0.81528	0.117423	0.00139016
45	34	31	1.24164	0.151774	0.0198033
45	35	31	0.803195	0.0889687	0.0170754
45	35	32	0.167745	0.0123013	0.00142951
45	36	31	0.366821	0.0160405	0.00152131
45	36	32	0.149595	0.0101103	0.00215082
46	32	30	0.215556	0.0144896	0.0036459
46	32	31	0.0529216	4.38353e-05	5.2459e-05
46	33	30	0.569448	0.0806265	0.00695082
46	33	31	0.609541	0.129206	0.00625574
46	34	30	0.342549	0.0470079	0.00283279
46	34	31	0.89128	0.08234	0.0184918
46	35	30	0.0425185	1.66667e-06	0.000104918
46	35	31	0.752111	0.066923	0.0124197
46	35	32	0.117851	0.00762592	0.000970492
46	36	31	0.28102	0.0163974	0.00183607
46	36	32	0.249413	0.00607307	0.00190164
47	32	30	0.20178	0.00290701	0.000485246
47	32	31	0.0564492	0	1.31148e-05
47	33	30	0.320317	0.0311767	0.00487869
47	33	31	0.301645	0.0467679	0.00338361
47	34	30	0.294339	0.0385524	0.00121967
47	34	31	0.69266	0.0610442	0.0111213
47	35	31	0.627458	0.0523369	0.0123803
47	35	32	0.108761	0.00394846	0.000904918
47	36	31	0.244611	0.0139307	0.00344918
47	36	32	0.245645	0.00405784	0.00100984
47	37	32	0.0889417	0.00103108	0.000734426
48	33	30	0.18633	0.00504652	0.00156066
48	33	31	0.32754	0.00704824	0.000236066
48	34	30	0.218951	0.00424081	0.000734426
48	34	31	0.417331	0.0190469	0.00752787
48	35	30	0.0617263	0.00137276	0.000157377
48	35	31	0.472256	0.0232025	0.0059541
48	35	32	0.179244	0.00155035	5.2459e-05
48	36	31	0.375002	0.00603641	0.000891803
48	36	32	0.212316	0.00759427	0.000419672
49	33	30	0.102118	0.00127053	0.000354098
49	33	31	0.0736071	0.0023721	0.00107541
49	34	30	0.149012	0.00279537	0.00108852
49	34	31	0.276674	0.00908908	0.00574426
49	35	31	0.4053	0.00792232	0.00708197
49	35	32	0.177574	1.80027e-05	2.62295e-05
49	36	31	0.300481	0.00697465	0.00267541
49	36	32	0.177014	0.00590657	0.00174426
49	37	31	0.11667	0	1.31148e-05
49	37	32	0.121267	0.0013597	0.000419672
50	33	30	0.0365923	0.000280178	0.0032
50	33	31	0.050587	0.00019473	0.000603279
50	34	30	0.0534442	0.000902608	0.00114098
50	34	31	0.111355	0.000892186	0.000655738
50	35	31	0.252154	0.0050668	0.00695082
50	35	32	0.0427984	4.91009e-06	7.86885e-05
50	36	31	0.225303	0.00455001	0.00427541
50	36	32	0.157929	0.00306526	0.00263607
50	37	31	0.0984804	0.00071733	9.18033e-05
50	37	32	0.0710901	0.00100977	0.00119344
51	33	30	0.0278511	0.000116516	0.00110164
51	33	31	0.022355	7.22596e-05	0.000393443
51	34	30	0.0541414	0.0002385	0.000931148
51	34	31	0.0927367	0.000994162	0.00228197
51	35	30	0.0184359	3.82979e-05	0.000236066
51	35	31	0.157258	0.00357774	0.00987541
51	35	32	0.041253	0.000450892	0.000380328
51	36	31	0.166557	0.00275135	0.0112131
51	36	32	0.107589	0.00253382	0.00549508
51	37	31	0.0729694	0.000987479	0.000616393
51	37	32	0.0923215	0.00082167	0.00594098
51	38	32	0.0437186	0	1.31148e-05
52	34	30	0.0163658	0	3.93443e-05
52	34	31	0.0532852	0.000256547	0.000511475
52	35	30	0.0161404	4.52657e-06	6.55738e-05
52	35	31	0.094604	0.00121024	0.0108459
52	36	31	0.116772	0.00127744	0.0104131
52	36	32	0.0996168	0.00141732	0.00483934
52	37	31	0.0677977	0.000813929	0.00259672
52	37	32	0.0795595	0.00070469	0.00697705
52	38	32	0.0178462	8.5021e-05	0.00245246
53	35	31	0.0611052	0.000430906	0.00609836
53	35	32	0.0165411	0	2.62295e-05
53	36	31	0.0751338	0.000772559	0.0125115
53	36	32	0.054115	0.000996076	0.00243934
53	37	31	0.049849	0.000459078	0.0021377
53	37	32	0.0592745	0.000437708	0.0108984
53	38	32	0.0199432	8.46993e-05	0.00382951
54	35	31	0.0332611	7.09591e-05	0.00207213
54	36	31	0.051486	0.000260509	0.0136918
54	36	32	0.0385707	0.000339746	0.00599344
54	37	31	0.0390744	0.000192699	0.00103607
54	37	32	0.0410529	0.000241839	0.00445902
54	38	32	0.024688	5.27154e-05	0.0029377
55	35	31	0.0237729	4.1483e-05	0.000511475
55	36	31	0.0318204	8.77085e-05	0.00508852
55	36	32	0.0223056	0.000133538	0.0010623
55	37	31	0.0281389	0.00023175	0.000170492
55	37	32	0.0310111	9.72551e-05	0.00415738
55	38	32	0.0185001	4.32154e-05	0.00784262
55	39	32	0.0105315	0	2.62295e-05
56	36	31	0.0229728	1.0276e-05	0.00100984
56	36	32	0.0167689	8.16784e-06	0.000406557
