26	29	29	7.57212	7.85213	0.000301094
27	28	29	10.6208	1.25576	0.000157093
27	29	29	10.935	4.07237	0.00277531
27	29	30	8.11693	4.77558	0.00119129
27	30	29	7.34179	3.91748	0.000392732
27	30	30	8.85067	3.8863	0.000654553
28	28	29	5.83851	11.1998	0.000746191
28	29	29	10.937	8.04075	0.00464733
28	29	30	8.70154	8.98035	0.00196366
28	30	29	7.34784	8.61386	0.000877101
28	30	30	9.01396	7.86436	0.00373095
28	31	30	3.36016	1.44509	0.00103419
29	28	29	3.25507	7.59386	0.000314185
29	29	29	9.15838	10.3925	0.00252657
29	29	30	9.36119	13.0182	0.000405823
29	30	29	7.30602	16.3283	0.000379641
29	30	30	9.27776	8.42463	0.00150547
29	31	30	2.57275	1.18924	0.000693826
30	28	29	4.61665	3.01496	0.00113892
30	29	29	9.92482	4.65344	0.00218621
30	29	30	10.5836	5.2498	0.000183275
30	30	29	8.46533	14.8959	0.0029324
30	30	30	10.744	8.24741	0.00413678
31	28	29	3.06455	4.73412	0.00119129
31	28	30	0.164391	0	1.30911e-05
31	29	29	8.46362	9.74458	0.00386186
31	29	30	10.7054	3.0451	6.54553e-05
31	30	29	6.58548	16.0277	0.00335131
31	30	30	10.9545	8.75139	0.00417605
31	31	29	2.59698	0.740007	0.000274912
31	31	30	7.21378	7.75691	0.00144002
32	27	29	0.549571	0.00174507	5.23642e-05
32	28	28	0.19083	0.00931104	0.000288003
32	28	29	1.08057	0.212983	0.00106038
32	29	29	5.22072	4.42191	0.00285385
32	29	30	3.63345	7.33129	0.0016102
32	30	29	5.67722	13.2865	0.00145311
32	30	30	8.32376	15.4386	0.00737027
32	31	29	2.52946	0.764302	0.000183275
32	31	30	7.38389	10.1423	0.00994921
32	31	31	1.78154	0	2.61821e-05
32	32	30	3.80772	2.19972	0.00172802
32	32	31	1.34454	0.234262	0.00134838
32	33	30	1.09808	0.103031	0.000130911
32	33	31	1.1504	0.0901292	0.00103419
33	28	29	1.23435	0.228823	0.00137456
33	29	29	4.84375	5.02769	0.00235639
33	29	30	3.57071	4.63365	0.00109965
33	30	29	5.71205	9.26765	0.00282767
33	30	30	8.22464	13.1248	0.0134969
33	31	29	2.84831	2.15195	0.000418914
33	31	30	8.642	9.51546	0.0201864
33	31	31	0.937871	0.282087	0.000130911
33	32	30	4.37125	4.2283	0.0083521
33	32	31	1.93281	0.670033	0.00198984
33	33	30	1.01126	0.417676	0.00130911
33	33	31	1.35239	0.152096	0.00086401
34	29	29	3.188	1.41582	0.0017542
34	29	30	1.30526	0.619502	0.000301094
34	30	29	5.06662	4.39978	0.00408441
34	30	30	7.72907	9.90092	0.0148453
34	31	29	1.88701	3.75282	0.000562916
34	31	30	8.14864	8.38845	0.024441
34	31	31	0.86326	0.0195156	5.23642e-05
34	32	30	5.70439	5.46411	0.00721317
34	32	31	1.85894	1.21364	0.000916374
34	33	30	1.43768	0.389632	0.000235639
34	33	31	2.70683	0.0110356	6.54553e-05
35	29	29	3.19799	0.567722	0.000890192
35	29	30	2.47571	0.462886	0.000130911
35	30	29	4.52682	2.04051	0.00153165
35	30	30	5.96642	6.95565	0.00683353
35	31	29	1.85329	0.927528	0.000562916
35	31	30	7.72744	7.48101	0.0152511
35	31	31	1.49278	0.196014	0.000104728
35	32	30	6.00256	2.42029	0.00472587
35	32	31	2.84999	1.29214	0.000994921
35	33	30	4.44012	0.00876428	2.61821e-05
35	33	31	2.47472	0.513466	0.000314185
36	29	29	1.38654	0.171551	0.00188511
36	29	30	0.402371	0.0821704	0.00109965
36	30	29	2.81774	1.00715	0.00345604
36	30	30	3.83828	2.7285	0.00358695
36	31	29	1.48944	0.154546	3.92732e-05
36	31	30	6.83235	5.46072	0.00421532
36	32	30	6.84948	3.31158	0.00459496
36	32	31	2.68368	2.51271	0.00197675
36	33	30	4.29889	0.481598	0.000209457
36	33	31	2.18064	1.66758	0.00164947
37	29	29	0.77082	0.0840302	0.00164947
37	29	30	0.431095	0.0246284	0.000405823
37	30	29	2.09387	1.06687	0.00149238
37	30	30	3.64464	0.819203	0.00154475
37	31	29	1.04313	0.678683	0.000458187
37	31	30	3.71342	3.50908	0.00342986
37	32	30	5.79991	3.63355	0.00379641
37	32	31	2.4762	1.76065	0.00195057
37	33	30	3.23278	3.35894	0.00150547
37	33	31	2.43097	2.33269	0.00142693
37	34	31	1.12557	0.151319	0.00103419
38	29	29	0.302957	0.0596658	0.000824737
38	29	30	0.389191	0.00115137	5.23642e-05
38	30	29	1.15238	0.360763	0.000720008
38	30	30	0.731266	0.313696	0.000235639
38	31	29	0.912305	0.860352	0.000405823
38	31	30	4.3395	2.12917	0.00528879
38	32	29	0.0486717	0.0011777	0.000130911
38	32	30	5.31162	3.37732	0.00899356
38	32	31	2.26685	2.99979	0.00106038
38	33	30	3.43738	2.45279	0.00285385
38	33	31	3.66522	1.0305	0.00459496
38	34	30	0.795265	0.0305336	9.16374e-05
38	34	31	1.28645	0.37578	0.00301094
39	28	29	0.0370715	0	1.30911e-05
39	29	29	0.0947121	0.00580914	0.00170184
39	29	30	0.122141	0.00484625	0.000340368
39	30	29	0.671258	0.127575	0.000798555
39	30	30	1.3532	0.224937	0.000510551
39	31	29	0.742582	0.059994	0.000628371
39	31	30	3.04585	1.80704	0.00873174
39	32	29	0.208399	0.00194852	2.61821e-05
39	32	30	4.32528	2.64874	0.0171493
39	32	31	2.33292	2.16455	0.00202911
39	33	30	3.92582	2.6452	0.00611353
39	33	31	3.69273	1.51488	0.00630989
39	34	30	1.10675	0.0979141	0.000157093
39	34	31	1.19873	0.377109	0.00434623
40	31	29	0.699953	0	1.30911e-05
40	31	30	2.32878	0.872958	0.00255276
40	32	30	3.93539	1.37346	0.00939938
40	32	31	1.84359	1.74858	0.000850919
40	33	30	3.51124	2.56078	0.00560297
40	33	31	3.20668	1.5503	0.00627062
40	34	30	0.784086	0.0362616	0.000432005
40	34	31	2.0632	0.537766	0.00332513
41	31	29	0.363389	0.00769707	0.000314185
41	31	30	1.02847	0.244608	0.00137456
41	32	30	3.11083	0.854847	0.00408441
41	32	31	1.77659	0.827088	0.000562916
41	33	30	3.03281	1.45735	0.00425459
41	33	31	3.22943	0.689646	0.00346913
41	34	30	0.758823	0.413721	0.00119129
41	34	31	2.10511	0.497355	0.00455569
41	35	31	0.826028	0.0136959	0.000130911
42	31	29	0.333888	0.00205969	3.92732e-05
42	31	30	0.564955	0.175513	0.00174111
42	32	30	2.11693	0.538944	0.00650626
42	32	31	0.47628	0.301508	0.000327277
42	33	30	2.41287	0.832235	0.00608734
42	33	31	2.40691	0.815568	0.00632298
42	34	30	0.861343	0.245937	0.000471278
42	34	31	1.82467	0.5853	0.00904592
42	35	31	0.746577	0.0791439	0.00329895
42	35	32	0.0879873	0.00135326	0.00024873
43	31	30	0.510866	0.0280168	0.000536734
43	32	30	1.09336	0.276022	0.00607425
43	32	31	0.555643	0.212521	0.000314185
43	33	30	1.86997	0.627802	0.00637535
43	33	31	2.14638	0.432836	0.00693826
43	34	30	1.02963	0.383731	0.000720008
43	34	31	1.80724	0.386763	0.0127114
43	35	31	0.723989	0.0819436	0.00259203
43	35	32	0.199293	0.0127224	0.000301094
43	36	31	0.330469	0.00101123	2.61821e-05
43	36	32	0.144724	0.00316599	0.000130911
44	31	30	0.172564	0.0110043	9.16374e-05
44	32	30	0.630649	0.0693883	0.00342986
44	32	31	0.456992	0.0317668	0.000510551
44	33	30	1.41037	0.183885	0.00192439
44	33	31	1.29243	0.464937	0.00759282
44	34	30	0.667774	0.258707	0.00208148
44	34	31	1.54458	0.267249	0.00856155
44	35	31	0.633934	0.0697329	0.00185893
44	35	32	0.304621	0.00311178	7.85464e-05
44	36	31	0.293839	0.00885305	0.000720008
44	36	32	0.17545	0.00265729	0.000301094
45	32	30	0.416543	0.01757	0.000667644
45	32	31	0.186664	0.00731001	0.000327277
45	33	30	0.937388	0.111597	0.00265749
45	33	31	0.73827	0.259139	0.00498769
45	34	30	0.504637	0.13378	0.00242185
45	34	31	1.19093	0.16626	0.0127769
45	35	30	0.0501832	0.000595462	0.000144002
45	35	31	0.704604	0.12194	0.00239566
45	35	32	0.362903	0.000568041	0.000104728
45	36	31	0.350124	0.0226253	0.000458187
45	36	32	0.326139	0	1.30911e-05
46	32	30	0.38774	0.00544192	0.000261821
46	32	31	0.11023	0.00620216	7.85464e-05
46	33	30	0.548052	0.0584491	0.00704299
46	33	31	0.5569	0.101056	0.00655862
46	34	30	0.521252	0.0312252	0.00153165
46	34	31	0.987139	0.0833167	0.016678
46	35	31	0.75059	0.0795673	0.0134183
46	35	32	0.123037	0.0072407	2.61821e-05
46	36	31	0.336027	0.0189638	0.00193748
46	36	32	0.226972	0.0247355	0.000130911
47	32	30	0.136564	0.000781099	0.000170184
47	33	30	0.367544	0.0279468	0.00555061
47	33	31	0.428951	0.0358881	0.0046866
47	34	30	0.309171	0.0246466	0.00311567
47	34	31	0.622151	0.0486904	0.0152511
47	35	31	0.611932	0.0441647	0.0113892
47	35	32	0.161629	0.0071117	0.00100801
47	36	31	0.305898	0.0174113	0.00670262
47	36	32	0.21494	0.00874354	0.00407132
47	37	32	0.0750925	0.000762506	0.000209457
48	32	30	0.0759263	0.000695553	0.000458187
48	33	30	0.15979	0.00973947	0.00390114
48	33	31	0.253044	0.0143972	0.00123056
48	34	30	0.225722	0.0118941	0.00400586
48	34	31	0.430855	0.0264157	0.0159056
48	35	31	0.495237	0.0270616	0.010787
48	35	32	0.114583	0.00650354	0.00184584
48	36	31	0.286817	0.0188388	0.00178038
48	36	32	0.163184	0.00518782	0.00208148
48	37	32	0.13799	3.45381e-05	0.000104728
49	32	30	0.0297115	0	2.61821e-05
49	33	30	0.182186	0.00332587	0.000261821
49	33	31	0.204651	0.000312915	5.23642e-05
49	34	30	0.202519	0.000829891	0.00036655
49	34	31	0.301209	0.0142514	0.00358695
49	35	31	0.409728	0.0106994	0.00562916
49	35	32	0.165435	0.000148372	3.92732e-05
49	36	31	0.256652	0.00878839	0.00327277
49	36	32	0.185119	0.00336562	0.00141383
49	37	31	0.0549928	0.00127302	0.000130911
49	37	32	0.101774	0.000788999	0.000680735
50	33	31	0.069173	0.000689561	2.61821e-05
50	34	30	0.0546048	0.000538328	0.000837828
50	34	31	0.156761	0.00473234	0.00319422
50	35	31	0.259345	0.00419588	0.00521024
50	35	32	0.0400287	0.00198221	0.000392732
50	36	31	0.199788	0.00481981	0.00386186
50	36	32	0.147932	0.00478294	0.0032204
50	37	31	0.0576042	0.00264546	0.000654553
50	37	32	0.0839429	0.00147091	0.0040975
50	38	32	0.0223826	6.76869e-05	0.000445096
51	33	30	0.04064	3.4841e-05	0.000157093
51	33	31	0.0318006	4.00353e-05	0.000209457
51	34	30	0.0496328	0.000162317	0.000654553
51	34	31	0.0969114	0.00111615	0.0029324
51	35	31	0.162557	0.00345371	0.00930774
51	35	32	0.0713271	0.000596715	0.000458187
51	36	31	0.154813	0.00322054	0.00814264
51	36	32	0.132716	0.00198183	0.00394041
51	37	31	0.0628638	0.0014339	0.0011782
51	37	32	0.0804816	0.0013552	0.00709536
51	38	32	0.0227209	6.68225e-05	0.00489606
52	33	30	0.0103922	1.101e-09	3.92732e-05
52	34	30	0.0196028	5.52794e-05	0.000549825
52	34	31	0.0577598	0.000236269	0.000929465
52	35	31	0.097063	0.000977171	0.00667644
52	35	32	0.0171971	2.42862e-05	0.000209457
52	36	31	0.111507	0.00199566	0.00949102
52	36	32	0.0820853	0.0013979	0.00325967
52	37	31	0.0349419	0.000490975	0.00257894
52	37	32	0.0579956	0.000543048	0.00890192
52	38	32	0.0288606	9.03613e-05	0.00492224
53	33	30	0.0106919	0	1.30911e-05
53	34	30	0.0118158	4.91857e-06	0.000196366
53	34	31	0.0198956	2.72328e-05	0.000955647
53	35	31	0.0537779	0.000483503	0.00623135
53	36	31	0.0768757	0.000523282	0.0118998
53	36	32	0.0611263	0.000816171	0.00259203
53	37	31	0.0363157	0.000417338	0.00142693
53	37	32	0.0516956	0.000314181	0.0130256
53	38	32	0.0231241	8.334e-05	0.0111798
54	35	31	0.0313553	0.000177947	0.00591716
54	36	31	0.0517412	0.000210419	0.0170707
54	36	32	0.041233	0.000264509	0.0064408
54	37	31	0.0321414	0.000236212	0.00277531
54	37	32	0.0441881	0.000202399	0.0193224
54	38	31	0.0109241	0	2.61821e-05
54	38	32	0.0214787	6.71405e-05	0.0153035
55	35	31	0.0136342	5.82005e-06	0.0021993
55	36	31	0.0399266	7.17242e-05	0.00280149
55	36	32	0.0356014	0.000116335	0.0011782
55	37	31	0.0272456	0.000107147	0.00319422
55	37	32	0.0325586	0.000108121	0.0129994
55	38	32	0.0184512	3.04285e-05	0.0147144
56	35	31	0.0106874	6.55979e-08	0.00024873
56	36	31	0.0157823	1.41674e-05	0.00846992
56	36	32	0.0167695	1.30471e-05	0.000654553
56	37	31	0.0186383	2.52101e-05	0.00370477
56	37	32	0.0220703	2.50746e-05	0.0195057
56	38	32	0.0166149	1.77261e-05	0.0183144
57	36	31	0.0129172	3.35687e-06	0.00384877
57	36	32	0.0129926	3.05765e-06	0.0011782
57	37	31	0.0141249	6.64873e-06	0.00471278
57	37	32	0.0156547	7.61505e-06	0.0130387
57	38	32	0.0134456	4.17957e-06	0.00801173
58	37	31	0.0107941	0	1.30911e-05
58	37	32	0.0111669	1.08187e-06	0.000432005
58	38	32	0.0110233	4.45808e-07	0.000144002
