33	32	30	3.86459	0.14424	0.00010449
33	32	31	2.8908	0.118065	6.53065e-05
33	33	30	2.70259	0	2.61226e-05
33	33	31	2.50319	0	1.30613e-05
34	29	29	2.20526	0.885124	0.000339594
34	29	30	1.88032	0.404202	0.000431023
34	30	29	4.09844	2.49106	0.000391839
34	30	30	2.11573	2.02032	5.22452e-05
34	31	30	9.04883	7.52739	0.00144981
34	32	30	6.36766	2.66414	0.00205063
34	32	31	3.85568	0.437852	5.22452e-05
34	33	30	1.53721	0.791871	0.000940414
34	33	31	1.98414	0.165708	0.000822863
35	29	29	2.81751	1.38179	0.000692249
35	29	30	2.92971	0.044527	0.00010449
35	30	29	4.2463	2.2291	0.00019592
35	30	30	4.89814	5.07018	0.00189389
35	31	30	6.59063	9.09161	0.00604739
35	31	31	0.83152	0.153357	0.000339594
35	32	30	6.30414	3.50684	0.0101225
35	32	31	3.37545	1.27961	0.0025992
35	33	30	2.18233	1.42986	0.00525065
35	33	31	2.44571	0.678754	0.00491105
36	30	30	5.17979	1.90336	0.000326533
36	31	30	6.77409	5.94597	0.00256002
36	31	31	1.50543	0	1.30613e-05
36	32	30	6.27546	3.61271	0.016627
36	32	31	3.45541	1.44486	0.00210287
36	33	30	3.456	2.0121	0.00190695
36	33	31	2.76488	1.75223	0.00399676
36	34	31	0.829452	0.0378022	0.000404901
37	31	30	5.75282	3.31408	0.00552493
37	31	31	0.929847	0	1.30613e-05
37	32	30	6.32103	2.41914	0.0199316
37	32	31	3.30854	1.89227	0.00492411
37	33	30	3.72825	2.67157	0.00663515
37	33	31	3.49155	1.57894	0.00689637
37	34	31	0.759928	0.201639	0.00193307
37	35	31	0.14929	0.00330548	0.000783679
37	35	32	0.0388767	9.16086e-05	9.14292e-05
38	30	29	1.17219	0	2.61226e-05
38	30	30	1.51619	0.791157	0.00090123
38	31	29	0.904638	0.3516	0.000352655
38	31	30	4.59451	2.5407	0.0104621
38	31	31	0.565566	0.00711414	7.83679e-05
38	32	30	5.60645	2.65803	0.0311904
38	32	31	2.62203	1.54042	0.00659596
38	33	30	3.81991	2.48999	0.00670045
38	33	31	3.4957	1.32216	0.00643923
38	34	31	1.07491	0.259165	0.00645229
39	29	29	0.201	0.00126104	0.000182858
39	30	29	0.572726	0.0672599	0.000835924
39	30	30	1.10377	0.452404	0.00125389
39	31	30	3.41888	1.35977	0.0103315
39	32	29	0.0630549	0.00185225	0.000182858
39	32	30	4.41949	2.66085	0.0265014
39	32	31	2.35616	1.64767	0.00326533
39	33	30	3.32029	3.39424	0.0108931
39	33	31	3.21115	1.75845	0.0104229
39	34	30	0.599412	0.0612154	0.000744495
39	34	31	1.53329	0.390209	0.00565555
39	35	31	0.651576	0.000605635	2.61226e-05
40	30	29	0.51274	0.0335324	0.000535514
40	30	30	0.454572	0.107642	0.00147593
40	31	30	2.30546	0.900366	0.00428411
40	31	31	0.152598	0.00137722	0.000208981
40	32	29	0.0550494	0.000748539	3.91839e-05
40	32	30	3.55024	2.089	0.021094
40	32	31	2.24667	0.86519	0.00142368
40	33	30	3.35874	2.86012	0.00889475
40	33	31	3.39395	1.26359	0.00538126
40	34	30	1.24034	0.283406	7.83679e-05
40	34	31	1.70105	0.482935	0.0065829
40	35	31	0.522731	0.0510913	0.00261226
41	30	30	0.506467	0.00839832	0.000261226
41	31	30	1.36977	0.394285	0.00355268
41	32	29	0.041509	0.00105826	0.000391839
41	32	30	2.4481	1.06889	0.0186646
41	32	31	1.19326	0.559324	0.00113633
41	33	30	2.31082	2.42036	0.00745801
41	33	31	3.37125	0.711234	0.00432329
41	34	30	0.546008	0.164031	0.000457146
41	34	31	1.55047	0.404014	0.00429717
41	35	31	0.612522	0.0881618	0.00182858
41	35	32	0.179984	0.0015697	0.000143674
42	31	29	0.11676	0.00160943	0.000457146
42	31	30	0.71531	0.189681	0.0033437
42	32	30	1.86487	0.659161	0.0126172
42	32	31	0.806253	0.178519	0.00030041
42	33	30	2.14566	1.24732	0.00262532
42	33	31	2.45769	0.919679	0.00218124
42	34	30	0.593789	0.20215	0.000783679
42	34	31	1.80376	0.459233	0.0091821
42	35	31	0.768831	0.115209	0.006818
42	35	32	0.220179	0.00397675	0.000261226
43	30	30	0.0812473	6.58152e-05	9.14292e-05
43	31	29	0.0999795	0.001145	0.00105797
43	31	30	0.307762	0.0431387	0.00347431
43	32	29	0.029201	2.89242e-05	7.83679e-05
43	32	30	1.11152	0.322715	0.0106842
43	32	31	0.927104	0.0338759	0.000261226
43	33	30	1.65071	0.538388	0.00548575
43	33	31	1.92442	0.604181	0.00603433
43	34	30	0.735823	0.270007	0.0025992
43	34	31	1.58782	0.371549	0.0154515
43	34	32	0.0802963	2.67189e-05	5.22452e-05
43	35	30	0.0912724	0	1.30613e-05
43	35	31	0.759206	0.150354	0.014903
43	35	32	0.20459	0.00540951	0.00171103
43	36	31	0.123899	0.0145373	0.00117552
43	36	32	0.200995	0.0035851	0.00010449
44	30	29	0.0326092	0.000179263	0.00019592
44	31	29	0.0409412	0.000179142	0.00090123
44	31	30	0.19912	0.00920988	0.00437554
44	32	30	0.677176	0.132822	0.0116507
44	32	31	0.504649	0.0819159	0.000130613
44	33	30	1.30503	0.248224	0.0110107
44	33	31	1.53004	0.288533	0.00888169
44	34	30	0.7488	0.184138	0.006818
44	34	31	1.44473	0.283013	0.0482615
44	34	32	0.0643097	0.000385908	6.53065e-05
44	35	31	0.791248	0.127909	0.0234451
44	35	32	0.164458	0.00945202	0.00303022
44	36	31	0.207332	0.0127145	0.00449309
44	36	32	0.138672	0.00722672	0.00394452
44	37	32	0.0394633	0.000184224	0.00158042
45	30	29	0.0145302	6.0386e-06	0.000574698
45	30	30	0.0151783	8.20688e-06	0.000326533
45	31	29	0.0205188	8.43157e-05	0.000522452
45	31	30	0.0652618	0.00242727	0.0043886
45	32	30	0.515382	0.0407181	0.00112327
45	33	30	0.854663	0.171932	0.00732739
45	33	31	0.968249	0.290413	0.00440166
45	34	30	0.609594	0.1271	0.00365717
45	34	31	1.17912	0.175363	0.0321047
45	34	32	0.0299046	0	1.30613e-05
45	35	31	0.776123	0.114434	0.0249732
45	35	32	0.235486	0.00620287	0.000979598
45	36	31	0.328386	0.0195635	0.00284737
45	36	32	0.159525	0.00616662	0.00193307
45	37	31	0.0528931	2.86412e-05	7.83679e-05
45	37	32	0.0348381	0.00064892	0.00124082
46	31	30	0.0189589	0.000108483	0.000339594
46	32	30	0.264163	0.00293694	0.000640004
46	32	31	0.183055	0.0049301	0.000248165
46	33	30	0.582509	0.0445667	0.00834618
46	33	31	0.49188	0.0489576	0.00581228
46	34	30	0.336197	0.0160392	0.000757556
46	34	31	0.907413	0.109889	0.0211854
46	35	31	0.721666	0.0665733	0.0215642
46	35	32	0.245508	0.00771589	0.00126695
46	36	31	0.339589	0.0168307	0.00348737
46	36	32	0.239949	0.0067768	0.00275594
46	37	31	0.0360091	0.000101064	0.000130613
46	37	32	0.0574926	0.000569188	0.00137144
47	32	30	0.063844	0.00146565	0.00099266
47	33	30	0.367339	0.0235494	0.00394452
47	33	31	0.452471	0.0231902	0.00199838
47	34	30	0.248054	0.0268063	0.00252083
47	34	31	0.683353	0.0457233	0.00929965
47	34	32	0.0122126	2.11204e-06	3.91839e-05
47	35	30	0.0468176	0.00209191	0.00010449
47	35	31	0.557817	0.0552653	0.0270369
47	35	32	0.164804	0.0119692	0.000535514
47	36	31	0.282592	0.0205559	0.00481962
47	36	32	0.20122	0.00407113	0.00424493
47	37	31	0.0375181	0.000502677	0.000953476
47	37	32	0.0474179	0.00092975	0.00457146
48	32	30	0.1076	0.000149043	0.000182858
48	33	30	0.179931	0.00199885	0.000718372
48	33	31	0.141922	0.0115134	0.00131919
48	34	30	0.145804	0.00701991	0.00060082
48	34	31	0.4063	0.0256398	0.00926047
48	35	30	0.0384618	1.0047e-06	2.61226e-05
48	35	31	0.480694	0.0284955	0.0119642
48	35	32	0.0986855	0.00465036	0.000626943
48	36	31	0.304912	0.0125936	0.0032392
48	36	32	0.141495	0.00732977	0.00322614
48	37	32	0.155528	2.06514e-06	3.91839e-05
49	32	30	0.0293258	3.40598e-05	0.000169797
49	32	31	0.0149591	0	1.30613e-05
49	33	30	0.116202	0.00311897	0.00113633
49	33	31	0.122787	0.00371439	0.0023641
49	34	30	0.108589	0.00356904	0.00144981
49	34	31	0.301904	0.0139044	0.0105013
49	35	30	0.0645175	0.000362305	0.000143674
49	35	31	0.362136	0.0133663	0.0201014
49	35	32	0.0875348	0.00203393	0.000509391
49	36	31	0.295787	0.0093928	0.00937802
49	36	32	0.17843	0.00280848	0.00186777
49	37	32	0.109396	0.00172369	0.000417962
50	33	30	0.0726407	9.49374e-05	0.000235104
50	33	31	0.0421984	0.000499813	0.00125389
50	34	30	0.0722507	0.00107118	0.00116246
50	34	31	0.157005	0.00377874	0.00851597
50	35	30	0.045113	0	3.91839e-05
50	35	31	0.221342	0.00742093	0.0094172
50	35	32	0.0455071	0.000592923	0.000169797
50	36	31	0.244146	0.00403771	0.00416656
50	36	32	0.166296	0.00117297	0.000940414
51	33	30	0.0310057	6.21862e-05	0.000574698
51	33	31	0.0284533	7.74321e-05	0.000940414
51	34	30	0.0378805	0.000219093	0.00216818
51	34	31	0.0828603	0.00115542	0.0109976
51	35	30	0.0217515	0.000148889	6.53065e-05
51	35	31	0.1476	0.00357889	0.013845
51	35	32	0.0523991	0.000403197	0.000470207
51	36	31	0.186854	0.00252458	0.00909067
51	36	32	0.120054	0.00242915	0.00220736
51	37	31	0.0764556	0.00136705	0.00060082
51	37	32	0.11479	0.000555678	0.00169797
52	33	30	0.0204455	0	1.30613e-05
52	34	30	0.0232282	7.81916e-05	0.000888169
52	34	31	0.0571417	0.000353561	0.00303022
52	35	30	0.0142682	1.38841e-05	0.000248165
52	35	31	0.0902029	0.00160943	0.00687025
52	35	32	0.0274179	0	2.61226e-05
52	36	31	0.110621	0.00282819	0.00420574
52	36	32	0.0854312	0.00128854	0.00172409
52	37	31	0.0326022	0.000375922	0.000365717
52	37	32	0.0540527	0.000324958	0.000404901
53	34	30	0.0143418	5.67016e-06	3.91839e-05
53	34	31	0.021113	5.72047e-05	0.00199838
53	35	31	0.0487426	0.000484121	0.0099266
53	35	32	0.0205258	9.81166e-06	0.000143674
53	36	31	0.0761262	0.000280003	0.0042188
53	36	32	0.0567928	0.000527622	0.00147593
53	37	31	0.0474146	0.000467271	0.00090123
53	37	32	0.0702851	0.000536848	0.00137144
54	34	31	0.0145028	9.19702e-06	2.61226e-05
54	35	31	0.0325778	0.000170847	0.00852904
54	36	31	0.0564309	0.000212532	0.00640004
54	36	32	0.0427183	0.00031717	0.00171103
54	37	31	0.0350002	0.000243594	0.00135838
54	37	32	0.059877	3.9831e-05	0.000248165
55	35	31	0.0185052	1.76732e-05	0.000679188
55	36	31	0.0361133	2.48179e-05	0.000731433
55	36	32	0.0348572	5.08947e-05	0.000313471
55	37	32	0.0506389	1.31923e-05	0.000156736
