28	28	29	9.82981	0.559657	9.12575e-05
28	29	29	10.0878	0	1.30368e-05
28	30	30	11.2681	0.129192	6.51839e-05
29	28	29	5.64289	5.97035	0.00314187
29	28	30	1.21062	0.641119	0.000117331
29	29	29	10.9053	3.37753	0.00127761
29	29	30	9.44975	13.9877	0.000208589
29	30	29	8.29879	9.58099	0.000312883
29	30	30	10.5269	3.25581	0.00139494
29	31	30	5.36362	0.419704	3.91104e-05
30	27	29	2.35966	0	1.30368e-05
30	28	28	0.375083	0	1.30368e-05
30	28	29	4.1349	3.20065	0.00537116
30	28	30	0.306075	0.00115004	7.82207e-05
30	29	29	8.57373	8.03981	0.00556671
30	29	30	6.22571	11.5983	0.00246395
30	30	29	7.61923	16.1667	0.00224233
30	30	30	9.36474	15.5035	0.00642714
30	31	30	5.5067	5.72827	0.00164264
31	28	29	3.31925	1.73331	0.00108205
31	29	29	6.34241	9.75644	0.00574922
31	29	30	5.66617	6.43017	0.000834355
31	30	29	7.44261	12.5353	0.00221625
31	30	30	10.584	9.87513	0.00599692
31	31	29	2.95854	0.170427	0.000117331
31	31	30	7.02356	7.22135	0.00443251
31	32	30	5.36535	0	1.30368e-05
32	28	29	2.99725	0.460642	0.000117331
32	29	29	5.65169	6.97494	0.00470628
32	29	30	4.9996	4.68751	0.00195552
32	30	29	8.65167	5.68054	0.00354601
32	30	30	10.5457	7.72241	0.0124762
32	31	29	2.21505	1.35725	0.000430214
32	31	30	8.76657	5.79783	0.0105728
32	32	30	3.091	3.69572	0.000808281
32	34	31	0.130051	0	1.30368e-05
33	28	29	1.62826	0.329549	0.000430214
33	29	29	4.6867	4.88939	0.00993403
33	29	30	4.56541	3.10595	0.00168175
33	30	29	6.06127	6.87252	0.00615336
33	30	30	9.28465	7.83164	0.0110422
33	31	29	3.55017	1.16687	0.000247699
33	31	30	8.44386	9.44411	0.00926916
33	31	31	0.296085	0.0486729	0.000234662
33	32	30	6.00235	2.49951	0.00110813
33	33	30	0.713096	0.423142	0.000195552
33	33	31	0.584188	0.0939434	0.000417177
33	34	31	0.094911	0.00306307	0.000677913
34	28	29	0.863612	0.176016	0.000586656
34	29	29	2.7893	2.31828	0.00960811
34	29	30	2.26898	1.54027	0.0016296
34	30	29	4.22168	5.99849	0.00877376
34	30	30	7.20407	7.12906	0.0125284
34	31	29	3.4392	1.65353	0.000612729
34	31	30	7.99884	9.59814	0.0129586
34	31	31	0.154778	0.0591897	0.000638803
34	32	30	6.05615	4.42177	0.00329831
34	32	31	2.53611	0.594375	0.000677913
34	33	30	1.05451	0.33913	0.000534508
34	33	31	1.16618	0.264151	0.00130368
34	34	31	0.154599	0.0138268	0.00216411
35	28	29	0.499285	0.0098898	2.60736e-05
35	29	29	1.6098	0.691526	0.00310276
35	29	30	1.12729	1.21177	0.00220322
35	30	29	4.12172	4.03588	0.00259432
35	30	30	5.96072	4.94735	0.00689646
35	31	29	2.68706	0.575713	7.82207e-05
35	31	30	8.02632	5.8814	0.00937345
35	31	31	1.28411	0.0582438	2.60736e-05
35	32	30	5.49112	6.48583	0.00857821
35	32	31	2.01031	1.41227	0.00268558
35	33	30	2.07994	1.74045	0.00207285
35	33	31	1.62652	0.749219	0.00215107
35	34	31	0.207432	0.0259134	0.0022684
35	35	31	0.0645558	8.13843e-05	9.12575e-05
36	29	29	0.940343	0.101634	0.000638803
36	29	30	0.923188	0.0429052	9.12575e-05
36	30	29	3.28273	0.707785	5.21472e-05
36	30	30	2.00027	2.55352	0.000717023
36	31	30	7.81013	3.1294	0.005671
36	32	30	6.41531	4.1194	0.00864339
36	32	31	3.37669	1.47059	0.000899538
36	33	30	2.73773	1.49294	0.00249003
36	33	31	2.3009	1.13854	0.00438036
36	34	31	0.56913	0.139477	0.00131672
36	35	31	0.0998323	0.000520064	0.000391104
37	30	29	2.56359	0.389433	0.000430214
37	30	30	2.88167	1.88125	0.0029072
37	31	30	5.2458	3.24368	0.00468021
37	32	30	6.21291	3.33609	0.0122676
37	32	31	3.1023	1.76025	0.00205981
37	33	30	3.25325	2.42789	0.00101687
37	33	31	2.10127	1.67712	0.00238573
37	34	30	0.409385	0.0487048	0.000247699
37	34	31	0.899001	0.207067	0.00136886
38	30	29	1.81566	0.22612	0.00036503
38	30	30	2.95822	0.289908	0.00105598
38	31	29	1.26659	0.285091	0.000351993
38	31	30	4.34241	2.0162	0.00649232
38	32	30	5.40886	3.46632	0.00949078
38	32	31	2.71851	2.07342	0.00232055
38	33	30	3.33794	3.0767	0.00491487
38	33	31	2.71184	2.04012	0.00756134
38	34	30	0.394849	0.103205	0.000925612
38	34	31	0.796658	0.238636	0.00569708
38	34	32	0.0709421	0	2.60736e-05
38	35	31	0.22345	0.00935414	0.00219018
39	31	30	2.90991	0.974533	0.00285506
39	32	30	5.24342	2.07561	0.00569708
39	32	31	2.80538	1.92491	0.000964722
39	33	30	4.05819	2.49368	0.00632284
39	33	31	2.94277	2.12215	0.00844784
39	34	30	0.883311	0.0369264	0.000104294
39	34	31	1.22612	0.690394	0.00630981
39	35	31	0.229827	0.0264646	0.00544938
39	35	32	0.092486	8.56792e-05	3.91104e-05
40	31	29	0.801881	0.0376018	0.000430214
40	31	30	2.05317	0.603028	0.00371549
40	32	29	0.122241	0.000698351	3.91104e-05
40	32	30	3.6264	1.91337	0.0102991
40	32	31	2.07998	1.43074	0.00147316
40	33	30	3.59076	2.29587	0.00793941
40	33	31	3.21429	1.99158	0.0112768
40	34	30	0.564146	0.320762	0.000247699
40	34	31	1.51151	0.665907	0.00284202
40	35	31	0.21149	0.0280573	0.00135583
40	35	32	0.0989903	0.000573814	0.000143405
41	31	30	1.45195	0.338828	0.00260736
41	32	30	2.42435	1.07231	0.0145882
41	32	31	1.31634	0.830324	0.00215107
41	33	30	2.54223	1.67739	0.00895627
41	33	31	2.99462	0.795123	0.00823925
41	34	30	1.24086	0.306715	0.00036503
41	34	31	1.92743	0.468733	0.00757437
41	35	31	0.482451	0.145367	0.000299846
42	31	30	0.903167	0.155617	0.00278987
42	32	30	1.897	0.520414	0.00913879
42	32	31	1.07884	0.41862	0.00148619
42	33	30	2.54765	0.840345	0.0110291
42	33	31	2.12526	1.1385	0.0106902
42	34	30	0.502305	0.238173	0.000312883
42	34	31	1.85509	0.874834	0.00882591
42	34	32	0.0920827	3.76514e-05	0.000104294
42	35	31	0.648922	0.0329441	0.000182515
42	35	32	0.165015	0	1.30368e-05
43	30	30	0.0148431	0	1.30368e-05
43	31	29	0.0945766	4.83042e-05	2.60736e-05
43	31	30	0.371706	0.0488374	0.00196856
43	31	31	0.0139294	1.28841e-08	3.91104e-05
43	32	30	1.22962	0.378813	0.00520168
43	32	31	0.650771	0.142245	0.00036503
43	33	30	2.00658	0.364637	0.00791333
43	33	31	2.03811	0.569545	0.00800459
43	34	30	0.971867	0.471279	0.00136886
43	34	31	1.89979	0.319506	0.00938649
43	35	30	0.117571	0.000344047	6.51839e-05
43	35	31	0.674542	0.10161	0.00731364
43	35	32	0.229035	0.00431151	0.000677913
43	36	31	0.303804	0.0014737	0.000338957
43	36	32	0.21849	0.00156677	0.000247699
44	30	29	0.0197425	4.17653e-05	0.00117331
44	30	30	0.0280346	8.93337e-05	0.0016296
44	31	29	0.0628038	8.5731e-05	6.51839e-05
44	31	30	0.0937774	0.011208	0.00127761
44	32	30	0.826476	0.0973513	0.00269862
44	32	31	0.528332	0.000312573	3.91104e-05
44	33	30	1.28133	0.240339	0.00477147
44	33	31	1.46848	0.285261	0.00551456
44	34	30	0.711135	0.199643	0.000808281
44	34	31	1.54106	0.273719	0.0122415
44	35	30	0.0487173	0.0002791	0.000169478
44	35	31	0.617927	0.110523	0.00952989
44	35	32	0.259675	0.00752938	0.000443251
44	36	31	0.235213	0.0172934	0.000886502
44	36	32	0.133731	0.00676351	0.000625766
45	30	30	0.0142279	0	1.30368e-05
45	31	29	0.0280551	1.19458e-06	3.91104e-05
45	31	30	0.0928285	0.00159392	0.00215107
45	32	29	0.0120303	0	5.21472e-05
45	32	30	0.387889	0.0516077	0.00817407
45	32	31	0.109133	0.00984293	5.21472e-05
45	33	30	0.726434	0.166648	0.0089302
45	33	31	1.0268	0.224307	0.00638803
45	34	30	0.655661	0.129698	0.0029072
45	34	31	1.23358	0.173147	0.0172998
45	35	30	0.0681811	0.000209011	3.91104e-05
45	35	31	0.825188	0.0820913	0.00584048
45	35	32	0.152847	0.00548159	0.000169478
45	36	31	0.214465	0.0242019	0.00221625
45	36	32	0.269587	0.000661227	0.000117331
46	31	30	0.0607654	0.000272073	0.000391104
46	32	29	0.012764	7.82611e-06	0.000169478
46	32	30	0.122815	0.00838684	0.00324616
46	32	31	0.037627	0.000165383	0.000560582
46	33	30	0.614324	0.0666858	0.00501916
46	33	31	0.701596	0.12623	0.00514953
46	34	30	0.46645	0.0792231	0.00262039
46	34	31	0.819652	0.134267	0.0130107
46	35	30	0.0500665	0.00101401	0.000169478
46	35	31	0.641921	0.0743881	0.00996011
46	35	32	0.124483	0.00790112	0.00159049
46	36	31	0.289312	0.0255161	0.00207285
46	36	32	0.1971	0.00489265	0.00189033
47	32	30	0.0952922	0.000199367	5.21472e-05
47	33	30	0.348678	0.00969623	0.00207285
47	33	31	0.379478	0.0347424	0.00118635
47	34	30	0.290284	0.0208244	0.00130368
47	34	31	0.640684	0.0543267	0.0109509
47	35	30	0.0817992	0.000236957	0.000104294
47	35	31	0.579291	0.0385829	0.0134931
47	35	32	0.106594	0.00831339	0.000912575
47	36	31	0.300623	0.0183876	0.00374156
47	36	32	0.218613	0.00807486	0.00144708
48	33	30	0.216525	0.00922468	0.00264647
48	33	31	0.152711	0.0158608	0.00259432
48	34	30	0.227822	0.0158817	0.00228144
48	34	31	0.464841	0.0233094	0.00979063
48	35	30	0.0575526	2.34293e-05	5.21472e-05
48	35	31	0.488341	0.0201396	0.0218236
48	35	32	0.123023	0.00547252	0.00143405
48	36	31	0.342413	0.0142523	0.00711809
48	36	32	0.220979	0.00336091	0.00204678
48	37	31	0.0280779	0.000121102	0.000247699
48	37	32	0.114487	0.00176265	0.00032592
49	33	30	0.156804	0.000176797	0.000117331
49	33	31	0.0869554	0.00515255	0.000925612
49	34	30	0.0750669	0.00324174	0.00156441
49	34	31	0.287486	0.0124199	0.0105077
49	35	30	0.0568353	0.000570578	0.000156441
49	35	31	0.334058	0.0149266	0.0250567
49	35	32	0.106028	0.00311638	0.000430214
49	36	31	0.247671	0.0153789	0.00949078
49	36	32	0.150028	0.00673385	0.00361119
49	37	31	0.0684443	0.00095083	0.000821318
49	37	32	0.0847202	0.00159597	0.00036503
50	33	31	0.0624087	0.000336509	9.12575e-05
50	34	30	0.0663434	0.00122095	0.00134279
50	34	31	0.154515	0.00319133	0.0062707
50	35	30	0.0307132	0.000131461	0.000117331
50	35	31	0.240509	0.00822502	0.0208328
50	35	32	0.0584132	0.00198659	0.000469324
50	36	31	0.21391	0.0102931	0.00351993
50	36	32	0.153108	0.00322694	0.00182515
50	37	31	0.0645867	0.00115093	0.000808281
50	37	32	0.0770162	0.00175466	0.00550153
50	38	32	0.0245951	2.60235e-05	0.0012385
51	34	30	0.0444142	0.000126103	0.000769171
51	34	31	0.0960996	0.00149338	0.0025161
51	35	30	0.019613	8.19661e-05	0.000417177
51	35	31	0.160892	0.00447495	0.0169869
51	35	32	0.0572198	0.000128311	7.82207e-05
51	36	31	0.138121	0.00477151	0.00881287
51	36	32	0.117953	0.00262908	0.00129064
51	37	31	0.123275	7.22433e-05	6.51839e-05
51	37	32	0.0834298	0.00261205	0.000743097
51	38	32	0.0222255	8.7131e-06	3.91104e-05
52	34	30	0.0168457	2.10681e-05	7.82207e-05
52	34	31	0.0339087	0.000162203	0.00165567
52	35	31	0.0938584	0.00193209	0.00728757
52	35	32	0.0326183	0.000175071	0.000234662
52	36	31	0.103926	0.00191088	0.00839569
52	36	32	0.0736173	0.00193852	0.00191641
52	37	31	0.0649501	0.000292119	0.000351993
52	37	32	0.105003	0.000142782	0.000234662
53	34	30	0.0133159	8.9752e-06	0.000104294
53	34	31	0.0312701	5.13113e-05	0.000586656
53	35	31	0.0588521	0.000508244	0.0027638
53	36	31	0.0712034	0.00105498	0.0066618
53	36	32	0.0851108	0.000436124	0.00147316
53	37	31	0.0645471	0.000353599	0.00102991
53	37	32	0.0570583	0.000380546	0.00146012
53	38	32	0.0293141	9.0325e-05	7.82207e-05
54	35	31	0.0312935	0.000145605	0.00239877
54	36	31	0.0438552	0.000307957	0.00863035
54	36	32	0.038653	0.000249131	0.00242484
54	37	31	0.0316939	0.00029298	0.00263343
54	37	32	0.045979	0.000145083	0.00847391
54	38	32	0.0302511	2.87932e-05	0.0025161
55	35	31	0.0158915	2.52546e-05	0.00112116
55	36	31	0.0287383	0.000109427	0.00569708
55	36	32	0.0285165	0.000114225	0.00151227
55	37	31	0.0287422	8.16168e-05	0.0036503
55	37	32	0.0331903	9.87444e-05	0.00962115
55	38	32	0.0185267	3.1867e-05	0.00477147
56	35	31	0.0133153	2.87322e-06	0.000925612
56	36	31	0.0180511	2.29354e-05	0.00840873
56	36	32	0.0195887	2.58018e-05	0.00153834
56	37	31	0.0191344	2.70254e-05	0.00398926
56	37	32	0.0228174	3.32409e-05	0.00657054
56	38	32	0.0149286	1.2268e-05	0.00341564
57	36	31	0.0127314	4.51797e-06	0.00263343
57	36	32	0.0119177	3.78195e-06	0.000586656
57	37	31	0.0133861	4.44091e-06	0.000847391
57	37	32	0.0164514	6.94023e-06	0.00174693
57	38	32	0.0121899	3.79653e-06	0.00036503
