26	29	29	7.57212	2.70617e-15	7.57212	7.85213	7.57212	7.10543e-15	6.26587	8.18484	0.757212	5.16034	0.626587	3.5335	3.01094e-05	8.15921e-09	0.316095	0.899247	8.35745	628.623	
27	27	29	5.57691	-7.1991e-16	5.57691	0.326787	5.57691	0	5.51454	0.343903	0.557691	2.79917	0.551454	2.73692	2.48818e-05	5.57194e-09	0.214906	0.415662	2.66345	63.8458	
27	28	29	8.62201	3.99518	7.28035	3.34921	8.15864	3.78047	6.85708	2.90237	1.32464	7.01871	1.28377	6.59223	0.000159767	1.02103e-07	0.510451	1.04224	6.20043	153.781	
27	29	29	11.8417	0.822007	11.0089	4.03725	11.7723	0.817188	10.528	5.06314	2.18701	19.132	2.09016	17.4751	0.000555061	1.23237e-06	0.912957	3.33397	27.8787	3108.89	
27	29	30	9.19758	1.1678	8.38709	4.90525	9.07061	1.15168	7.74036	5.00594	1.62339	10.5415	1.49813	8.97757	0.000238257	2.27066e-07	0.677676	1.83698	19.9821	1597.14	
27	30	29	7.34179	7.70217e-16	7.34179	3.91748	7.34179	7.10543e-15	6.75558	3.96018	0.734179	4.85117	0.675558	4.10741	3.92732e-05	1.38814e-08	0.30648	0.845371	9.01063	730.724	
27	30	30	8.85067	6.94583e-15	8.85067	3.8863	8.85067	-1.42109e-14	8.29801	4.58596	0.885067	7.05009	0.829801	6.19713	6.54553e-05	3.85596e-08	0.369468	1.22856	11.0679	1102.49	
28	28	29	7.73269	2.67568	7.01168	8.53309	7.39254	2.51457	5.00566	10.0414	1.75155	7.15852	1.06138	2.62855	0.000223857	1.16928e-07	0.731179	1.24745	14.1567	467.629	
28	28	30	1.05316	-6.92805e-17	1.05316	0.166279	1.05316	4.44089e-16	0.875172	0.155766	0.105316	0.0998223	0.0875172	0.0689334	2.22627e-05	4.46064e-09	0.0405834	0.0148231	0.422697	1.60805	
28	29	29	10.0201	0.361583	10.8364	7.69517	9.98483	0.352486	9.65313	11.4221	3.90763	22.9043	3.83384	22.0475	5.7621e-05	4.98028e-09	1.50581	3.40118	18.517	514.317	
28	29	30	8.70154	-6.52256e-15	8.70154	8.98035	8.70154	1.42109e-14	7.27227	10.394	0.870154	6.81451	0.727227	4.75973	0.000196366	3.47036e-07	0.363242	1.18751	9.6998	846.774	
28	30	29	7.95355	0.366882	7.51868	8.74882	7.90742	0.364754	6.09629	8.67132	1.46957	8.63852	1.18433	5.61055	0.00017542	1.23089e-07	0.613465	1.50536	15.7967	998.139	
28	30	30	10.5687	1.21262	9.22706	7.69954	10.4449	1.29241	7.16095	14.7953	2.70419	17.0628	2.07365	10.0334	0.00111929	2.9232e-06	1.12885	2.97339	27.6585	1784.99	
28	31	30	3.36016	-1.96024e-16	3.36016	1.44509	3.36016	0	2.86246	1.42465	0.336016	1.01616	0.286246	0.737431	0.000103419	9.62601e-08	0.140269	0.177078	3.81797	131.192	
29	28	29	6.06673	3.34028	6.34876	7.04802	5.37068	3.73825	4.32273	8.75798	1.30203	2.54291	0.701546	0.73825	0.000125674	2.3691e-08	0.543526	0.443131	9.35726	131.338	
29	28	30	1.05652	0.0237444	1.02303	0.807683	1.03405	0.0232393	0.233713	0.184473	0.242123	0.234495	0.110964	0.0492516	2.34662e-05	2.20265e-09	0.0975522	0.0380657	0.802581	2.57654	
29	29	29	9.7333	0.481854	9.6777	7.22147	9.68702	0.448356	8.49467	10.0495	4.36213	28.5422	4.2199	26.7114	0.000511042	3.91746e-07	1.75751	4.63328	30.5218	1397.37	
29	29	30	8.0131	3.87871	8.60181	14.3016	7.42737	4.35045	6.43456	13.9453	2.83493	18.7525	2.02266	9.54603	6.25766e-05	9.13694e-09	1.1422	3.04411	14.6296	499.389	
29	30	29	7.46561	0.391127	7.12363	14.9634	7.41465	0.377868	4.02756	12.4696	2.48964	14.4627	2.11893	10.4764	9.38649e-05	2.05581e-08	1.00308	2.34774	15.3259	548.059	
29	30	30	9.78054	0.289726	9.789	7.42291	9.75183	0.279982	8.46896	11.1793	3.15807	23.2713	2.85525	19.0224	0.000418481	4.08628e-07	1.2724	3.77765	20.6516	995.137	
29	31	30	3.96819	1.94724	2.72226	1.54292	3.47747	1.70644	2.24269	1.07554	1.07272	4.60295	1.05831	4.48004	7.82207e-06	2.44739e-10	0.432204	0.7472	7.65455	234.368	
30	27	29	2.35966	-4.34115e-16	2.35966	0	2.35966	0	2.35966	0	0.235966	0.501121	0.235966	0.501121	1.30368e-06	1.52962e-11	0.0950715	0.0813474	1.70671	26.2156	
30	28	28	0.375083	4.47233e-18	0.375083	0	0.375083	0	0.375083	0	0.0375083	0.0126619	0.0375083	0.0126619	1.30368e-06	1.52962e-11	0.0151122	0.00205541	0.271291	0.662391	
30	28	29	4.89158	0.499551	4.37036	3.26816	4.79868	0.445789	3.41319	3.26701	1.65396	4.10338	1.32023	2.61451	0.00214846	6.92384e-06	0.666386	0.666105	9.549	136.775	
30	28	30	0.306075	-9.08019e-19	0.306075	0.00115004	0.306075	0	0.301389	0.00141236	0.0306075	0.00843139	0.0301389	0.00817519	7.82207e-06	5.50664e-10	0.0123319	0.00136867	0.21799	0.427676	
30	29	29	8.98095	0.917392	8.77012	8.37736	8.87431	0.946381	6.6791	13.9661	3.42949	17.6421	2.88605	12.4939	0.00222668	7.43718e-06	1.38175	2.86386	20.8743	653.607	
30	29	30	7.68771	3.81774	6.74801	11.3303	7.22752	3.32601	4.34867	10.4339	2.49028	9.30226	1.43477	3.08787	0.000985581	1.45706e-06	1.00334	1.51004	10.3775	161.538	
30	30	29	9.15621	1.9865	8.20152	15.0492	8.95719	1.78265	4.24907	16.7942	3.04769	13.9326	1.87724	5.28602	0.000896931	1.20673e-06	1.22792	2.26169	13.5777	276.532	
30	30	30	10.2549	0.397498	10.0828	12.6186	10.2144	0.41367	6.57924	23.0505	2.80942	18.4166	1.50189	5.26327	0.00192814	8.6747e-06	1.13192	2.98959	10.8629	275.342	
30	31	30	5.84884	0.117061	5.87046	5.68981	5.82883	0.116661	4.51515	6.11944	1.10134	4.8518	0.829007	2.74901	0.000328527	4.3172e-07	0.443733	0.787595	5.99607	143.811	
31	28	29	3.08094	0.0349407	3.1532	3.12226	3.06933	0.0356241	1.78314	2.44301	1.3277	2.64418	1.05917	1.68275	0.000432821	2.81002e-07	0.534934	0.429232	7.66077	88.0312	
31	28	30	0.164391	-1.59242e-19	0.164391	0	0.164391	0	0.164391	0	0.0164391	0.0024322	0.0164391	0.0024322	1.30911e-06	1.54238e-11	0.00686244	0.000423838	0.219266	0.432697	
31	29	29	8.56682	3.98262	7.5247	8.65744	8.17637	3.19242	4.88878	12.8864	4.23181	17.9082	3.05143	9.31124	0.00193093	3.7285e-06	1.76655	3.12071	40.7002	1656.51	
31	29	30	6.99515	4.6218	5.9237	9.96541	6.50332	3.1985	4.08511	7.51087	4.28216	27.5053	4.13582	25.6574	2.61821e-05	1.02826e-09	1.78757	4.79311	55.1637	4564.56	
31	30	29	8.10296	1.05165	7.67805	12.3799	7.97035	1.05688	4.5579	14.2213	3.29274	10.8421	1.58764	2.52059	0.00167566	2.80782e-06	1.37454	1.88937	21.176	448.422	
31	30	30	11.323	0.574187	11.0075	8.25586	11.2751	0.540469	8.3671	22.0924	4.38181	28.8004	3.87632	22.5388	0.00167042	4.18545e-06	1.82917	5.0188	51.7026	4009.73	
31	31	29	2.56072	0.116001	2.58359	0.627728	2.51405	0.117326	2.21887	0.809267	0.779095	1.41631	0.63559	0.942609	8.24737e-05	1.58711e-08	0.32523	0.246807	8.47754	167.694	
31	31	30	7.10716	0.749633	6.49688	8.3693	6.99793	0.764329	4.66402	8.54849	3.60689	13.0096	2.98474	8.90867	0.000720008	5.18412e-07	1.50568	2.26708	39.8106	1584.89	
31	31	31	1.00235	6.19079e-17	1.00235	0.247559	1.00235	2.22045e-16	0.794522	0.165127	0.100235	0.0904242	0.0794522	0.0568138	2.6329e-05	6.23892e-09	0.0403369	0.0146436	0.184983	0.307969	
31	32	30	4.41387	0.905313	3.47339	0.680232	4.20877	0.863244	3.27683	0.644116	0.692479	1.91811	0.653886	1.71027	0.000452858	8.20322e-07	0.278669	0.310625	1.5224	9.27079	
31	32	31	0.894311	1.98951e-17	0.894311	0.251961	0.894311	-2.22045e-16	0.632588	0.165563	0.0894311	0.0719814	0.0632588	0.036015	0.00012243	1.34901e-07	0.0359891	0.0116569	0.147281	0.195226	
32	27	29	0.549571	-6.47811e-18	0.549571	0.00174507	0.549571	0	0.546502	0.00167691	0.0549571	0.0271825	0.0546502	0.0268798	5.23642e-06	2.46781e-10	0.0229416	0.00473686	0.728928	4.78202	
32	28	28	0.19083	-2.83248e-18	0.19083	0.00931104	0.19083	6.93889e-18	0.14455	0.00668978	0.019083	0.00327745	0.014455	0.00188052	2.88003e-05	7.46513e-09	0.00796612	0.000571132	0.192801	0.334552	
32	28	29	2.24232	0.520516	1.96798	0.73939	1.92093	0.61735	1.52686	0.673527	0.432228	0.280231	0.369043	0.204289	0.00042415	2.69855e-07	0.180432	0.0488334	4.92232	36.3439	
32	29	29	5.66175	0.697613	5.69023	5.92055	5.54934	0.623759	4.04266	6.66054	2.61036	6.81399	1.92238	3.69556	0.00142693	2.03612e-06	1.08969	1.18741	25.6409	657.455	
32	29	30	4.49798	1.40925	4.41924	6.50636	4.13575	1.49812	2.053	4.85789	1.81672	3.30049	0.66588	0.443396	0.0008051	6.48186e-07	0.758385	0.575147	8.88154	78.8818	
32	30	29	7.35984	5.12947	6.48516	11.9606	6.7173	4.31612	2.41724	9.83314	2.83861	8.0577	0.429964	0.184869	0.000726554	5.27881e-07	1.18497	1.40414	5.73489	32.8889	
32	30	30	9.71397	0.807379	9.7027	13.0904	9.6287	0.821037	3.04893	20.2869	4.99425	16.6284	2.95214	5.81009	0.00442216	1.3037e-05	2.08483	2.89768	39.3758	1033.64	
32	31	29	2.01779	0.267761	2.05478	1.5052	1.86241	0.289387	1.0863	1.05206	0.758838	1.34362	0.661937	1.02237	5.49825e-05	7.05383e-09	0.316774	0.23414	8.82895	181.884	
32	31	30	8.33546	0.661813	8.01658	8.69794	8.25436	0.669471	6.25109	11.0362	3.69194	13.6305	2.75499	7.58998	0.0049746	2.47467e-05	1.54119	2.37526	36.7462	1350.29	
32	31	31	1.56891	0.0452104	1.44134	0.174975	1.5401	0.04438	1.166	0.321042	0.356308	0.507822	0.356308	0.507822	5.23642e-06	1.09681e-10	0.14874	0.0884938	4.75246	90.3436	
32	32	30	3.56201	0.100453	3.70923	2.13128	3.53258	0.103971	2.58478	2.90646	1.52309	3.47969	1.28639	2.48219	0.000691208	7.16653e-07	0.635807	0.606375	17.1579	441.592	
32	32	31	1.27841	0.0360849	1.17881	0.471667	1.24784	0.0381549	0.659428	0.342493	0.403361	0.379633	0.349709	0.285357	0.000404514	3.81807e-07	0.168381	0.0661553	4.66443	50.7662	
32	33	30	0.771741	0.106495	0.631883	0.154715	0.633748	0.0874529	0.372326	0.0966398	0.219615	0.192924	0.203282	0.165295	2.61821e-05	2.74201e-09	0.0916776	0.0336191	2.71139	29.4066	
32	33	31	0.808442	0.116935	0.710961	0.203293	0.6638	0.0960136	0.223374	0.108914	0.23008	0.211747	0.213806	0.182852	0.000206839	1.71129e-07	0.096046	0.0368993	2.85175	32.53	
32	34	31	0.130051	8.96161e-19	0.130051	0	0.130051	0	0.130051	0	0.0130051	0.0015222	0.0130051	0.0015222	1.30368e-06	1.52962e-11	0.0052398	0.000247099	0.0940638	0.0796321	
33	28	29	1.36402	0.0244343	1.32014	0.274949	1.3479	0.0217221	1.12815	0.216589	0.651304	0.636296	0.557595	0.466368	0.000172086	4.44202e-08	0.262412	0.10329	4.03299	24.3975	
33	29	29	5.45522	1.16187	4.895	4.72013	5.28413	0.904061	2.87613	5.80653	2.81202	5.27163	1.54641	1.59426	0.00596042	2.36844e-05	1.13297	0.855747	11.1849	83.4017	
33	29	30	3.33991	1.3213	3.57751	4.43061	2.71568	1.69521	2.05478	3.12888	2.73925	5.00232	2.20837	3.25126	0.00100905	6.78785e-07	1.10365	0.812029	15.9728	170.086	
33	30	29	5.556	0.837574	5.52206	8.23564	5.40605	0.81066	1.83546	6.76661	3.63676	8.81737	2.50322	4.17739	0.00369202	9.08734e-06	1.46526	1.43133	18.1053	218.536	
33	30	30	8.42236	1.92276	8.42007	11.9333	8.19586	1.85636	3.87298	17.6108	6.49926	18.103	5.113	11.204	0.00772951	2.56052e-05	2.61857	2.93867	36.9815	586.126	
33	31	29	3.43926	0.125306	3.21261	1.70626	3.39893	0.137056	0.859368	2.0223	1.42007	3.02489	1.26627	2.40518	9.90796e-05	1.47252e-08	0.572149	0.491032	9.15875	125.824	
33	31	30	8.39447	0.117559	8.40291	9.46222	8.38023	0.119395	6.06098	14.1944	5.9107	14.9727	4.08908	7.16597	0.00648841	1.80426e-05	2.38144	2.43053	29.5756	374.879	
33	31	31	0.762972	0.156516	0.609078	0.252649	0.559829	0.113725	0.270383	0.0915774	0.148042	0.0219166	0.0704977	0.00496992	0.000117331	1.37666e-08	0.0596467	0.00355773	0.509898	0.259996	
33	32	29	0.0467692	8.66091e-20	0.0467692	0	0.0467692	0	0.0467692	0	0.00467692	0.000196862	0.00467692	0.000196862	1.31645e-06	1.55973e-11	0.0018821	3.18806e-05	0.010889	0.00106713	
33	32	30	5.45061	2.80444	4.4284	4.034	4.99496	2.27595	2.66455	4.69987	2.59326	2.88215	0.903947	0.350194	0.00144678	8.97069e-07	1.04359	0.466746	2.1046	1.89829	
33	32	31	2.25516	0.226486	1.93548	0.762002	2.15464	0.216573	1.31908	0.813077	0.809895	0.655929	0.476817	0.227354	0.000605566	3.6671e-07	0.32592	0.106224	1.11014	1.23241	
33	33	30	1.40325	0.591356	1.03328	0.494703	1.10977	0.325695	0.490138	0.266216	0.474423	0.337616	0.155286	0.0361705	0.000126379	2.39575e-08	0.190918	0.0546747	0.361542	0.196068	
33	33	31	1.31032	0.552719	0.924449	0.315564	0.976	0.326293	0.572931	0.201396	0.3206	0.154176	0.197849	0.0587161	0.000810932	9.86416e-07	0.129016	0.0249678	0.460638	0.318281	
33	34	31	0.152137	0.00327478	0.121841	0.00561424	0.130611	0.00281145	0.0856456	0.00309995	0.0418725	0.00701322	0.0374235	0.00560208	4.21263e-05	7.09851e-09	0.0168504	0.00113575	0.0871307	0.030367	
34	28	29	1.07203	0.0434383	0.98736	0.175095	1.03151	0.0417964	0.687231	0.206258	0.25609	0.262328	0.246328	0.24271	5.0025e-05	1.001e-08	0.103056	0.0424823	0.573509	1.31565	
34	29	29	3.3058	1.00162	2.98714	2.44311	3.08415	0.683596	1.79647	2.13901	2.03999	1.78353	1.17836	0.595088	0.00136384	7.97168e-07	0.820939	0.288832	2.7435	3.22578	
34	29	30	2.06801	0.235958	2.05131	1.70308	1.95135	0.227641	1.00362	1.05148	1.36139	1.23559	0.832674	0.462231	0.000977759	6.37342e-07	0.548508	0.200574	6.02259	24.1811	
34	30	29	4.72287	0.709548	4.48411	5.86991	4.55872	0.748349	1.07458	3.66382	2.95517	3.74273	1.2977	0.721722	0.00614163	1.61656e-05	1.19065	0.607561	9.38602	37.7561	
34	30	30	7.38412	5.34186	7.61051	8.41089	5.92671	8.63763	4.71923	13.6446	5.76325	8.30378	4.37876	4.79339	0.0100227	2.51135e-05	2.32203	1.34796	31.6709	250.761	
34	31	29	1.73157	0.838987	2.17363	3.24067	1.27249	0.584172	0.290829	0.547574	2.06352	2.83875	1.56214	1.62686	0.000367637	9.01049e-08	0.831399	0.460816	11.2987	85.1075	
34	31	30	8.19529	0.430981	8.0947	8.79322	8.14374	0.419799	5.86731	13.0688	7.19896	5.75834	4.93504	2.70607	0.0116627	1.51132e-05	2.90048	0.934755	35.6943	141.565	
34	31	31	0.672495	0.116024	0.496618	0.234181	0.391831	0.109973	0.109824	0.0424792	0.061911	0.00574946	0.0245131	0.00090134	0.000255521	9.79365e-08	0.0249441	0.000933314	0.177299	0.0471525	
34	32	29	0.092347	-1.86347e-20	0.092347	0.000611823	0.092347	0	0.0863268	0.000519709	0.0092347	0.000767518	0.00863268	0.000670708	1.182e-05	1.25742e-09	0.00387648	0.000135244	0.0212262	0.00405497	
34	32	30	5.41849	0.871282	5.71949	5.24194	5.24861	0.891631	3.90903	7.07712	3.69071	3.40534	2.03085	1.03109	0.000872055	1.9012e-07	1.54926	0.600055	4.99349	6.23374	
34	32	31	2.57673	0.50165	2.16574	1.01817	2.40263	0.418312	1.47243	1.02085	1.08568	0.785798	0.754322	0.379334	0.00025216	4.23899e-08	0.455739	0.138465	1.85474	2.29338	
34	33	30	1.57326	0.130531	1.47419	0.736183	1.49031	0.123617	1.01006	0.468805	0.718841	0.516732	0.597973	0.357571	0.00011782	1.38814e-08	0.300077	0.0900464	7.97579	63.6133	
34	33	31	1.8355	0.499514	1.48744	0.42824	1.52751	0.470449	1.17912	0.363551	1.35342	1.83173	1.35149	1.82652	3.27277e-05	1.0711e-09	0.564978	0.3192	18.0262	324.945	
34	34	31	0.154599	7.45389e-20	0.154599	0.0138268	0.154599	0	0.106758	0.0051074	0.0154599	0.00215107	0.0106758	0.00102575	0.000216411	4.21502e-07	0.00622883	0.000349185	0.0772161	0.053661	
35	28	29	0.667638	0.0283429	0.800549	0.0281913	0.625186	0.0265407	0.755964	0.0337046	0.0998569	0.0398856	0.0958953	0.0367836	5.21472e-06	1.08773e-10	0.0402326	0.00647466	0.693595	1.92429	
35	29	29	2.58032	0.670685	2.07791	1.21217	2.33514	0.572531	1.42238	0.932415	0.965878	0.621946	0.676636	0.305224	0.00186165	2.3105e-06	0.389155	0.100961	4.89399	15.9675	
35	29	30	1.995	0.625628	1.42477	1.37991	1.59528	0.637659	0.313642	0.348497	0.676373	0.304987	0.138146	0.0127229	0.00132193	1.165e-06	0.272512	0.0495087	0.999188	0.665585	
35	30	29	3.99312	0.13107	3.93283	3.29819	3.95796	0.139151	1.58905	3.72439	2.8852	3.5676	0.691726	0.205065	0.00181602	1.41341e-06	1.16246	0.579131	5.00314	10.7277	
35	30	30	6.05694	0.848344	5.8648	5.50795	5.92928	0.756961	3.85905	7.74027	4.76858	5.68483	3.45521	2.98462	0.00551717	7.60979e-06	1.92127	0.922823	24.9909	156.137	
35	31	29	2.01059	0.712694	1.83215	1.08259	1.74167	0.46837	1.06674	0.816494	2.14965	1.15525	2.00373	1.00373	6.25766e-05	9.78957e-10	0.8661	0.187532	14.4926	52.509	
35	31	30	7.71726	0.417773	7.60258	7.79445	7.66125	0.429113	5.49403	11.5844	7.22369	5.79797	6.11986	4.1614	0.00843611	7.90754e-06	2.91045	0.941188	44.2639	217.699	
35	31	31	1.17586	0.0762264	1.07955	0.226213	1.09964	0.0838128	0.760374	0.242694	0.898875	0.346275	0.867125	0.322245	1.82515e-05	1.42765e-10	0.362159	0.0562111	6.27177	16.8579	
35	32	29	0.0840518	0.000215147	0.0940878	0.00577154	0.0814921	0.000208595	0.0413726	0.00218096	0.0197439	0.00155929	0.00769225	0.000236683	4.19062e-05	7.02452e-09	0.00760833	0.000231547	0.0371525	0.00552124	
35	32	30	5.731	0.354572	5.92392	4.8783	5.66508	0.37347	3.63306	8.32285	5.1708	6.68429	2.91239	2.1205	0.00671547	1.12744e-05	1.99257	0.992582	14.0664	49.4662	
35	32	31	2.87927	0.446906	2.6391	1.78392	2.71383	0.448981	1.45218	1.72362	1.58014	0.624212	0.56699	0.0803695	0.000701929	1.23176e-07	0.608908	0.0926922	2.73849	1.87483	
35	33	30	3.2731	0.619805	2.421	1.55286	3.06329	0.642706	1.27535	1.46111	3.00855	2.26284	2.89455	2.0946	0.000136195	4.63728e-09	1.15934	0.336019	13.9803	48.862	
35	33	31	2.96153	0.499752	2.42257	0.928102	2.75887	0.559128	1.97806	0.879265	2.48495	1.54374	2.39907	1.43888	0.000188578	8.89041e-09	0.957576	0.229238	11.5872	33.5657	
35	34	31	0.180346	0.000733669	0.181566	0.0168237	0.176278	0.000717119	0.121743	0.00728304	0.0306519	0.00375815	0.0238604	0.00227728	0.000416443	6.93699e-07	0.0118117	0.000558066	0.115243	0.0531236	
35	34	32	0.0246324	5.0769e-20	0.0246324	4.54661e-06	0.0246324	0	0.0244203	5.18007e-06	0.00246324	5.46079e-05	0.00244203	5.36715e-05	6.54785e-06	3.85868e-10	0.00094921	8.10899e-06	0.0117947	0.00125203	
35	35	31	0.056962	5.76653e-05	0.0514128	0.000200638	0.0559497	5.66404e-05	0.0480572	0.000161259	0.00987366	0.000389956	0.00926385	0.000343276	0.000117861	5.55651e-08	0.00380481	5.79065e-05	0.0447432	0.00800781	
35	35	32	0.0283445	-4.25634e-20	0.0283445	1.16154e-06	0.0283445	1.0842e-19	0.0283052	1.11115e-06	0.00283445	7.23069e-05	0.00283052	7.21067e-05	5.23828e-06	2.46956e-10	0.00109226	1.07372e-05	0.0136711	0.00168208	
36	29	29	1.29133	0.0456671	1.35335	0.228615	1.24996	0.0517137	1.14788	0.235851	0.376137	0.212219	0.329031	0.162392	0.000255521	9.79365e-08	0.151547	0.0344496	2.37983	8.49537	
36	29	30	0.666126	0.17822	0.462283	0.166862	0.318414	0.110716	0.154746	0.0475902	0.461594	0.213069	0.438983	0.192706	4.56288e-05	2.08198e-09	0.185978	0.0345877	3.17509	10.0812	
36	30	29	2.94265	0.0484356	2.79427	1.48144	2.92621	0.0481143	1.68207	1.87079	2.29791	2.26303	2.15338	1.9873	3.6503e-05	5.71059e-10	0.925835	0.367359	15.575	103.963	
36	30	30	4.51046	1.22772	4.6081	3.774	4.07762	1.76494	2.25051	5.30577	1.60022	0.640176	0.329363	0.02712	0.000573619	8.22596e-08	0.644733	0.10392	2.38223	1.41875	
36	31	29	1.48827	0.286192	1.47113	1.01977	1.28908	0.256767	0.684949	0.538496	0.524141	0.117739	0.271832	0.0316684	0.000405466	7.04583e-08	0.210926	0.0190671	0.63289	0.171664	
36	31	30	6.83481	0.109474	6.75804	5.29273	6.82051	0.0975232	5.11616	8.4001	6.66103	1.42109e-14	5.43607	7.10543e-15	0.0147969	-2.71051e-20	2.68055	0	12.6564	2.84217e-14	
36	31	31	0.972323	0.103203	0.892184	0.251414	0.863233	0.0941697	0.520616	0.193444	0.531496	0.188325	0.531496	0.188325	1.57974e-05	1.66371e-10	0.213886	0.030498	1.23745	1.02085	
36	32	29	0.125457	0.000441768	0.103979	0.00523706	0.12162	0.000466562	0.0467784	0.00267574	0.0291132	0.00197768	0.0125747	0.000368954	0.000114531	3.06071e-08	0.0117158	0.000320272	0.0292769	0.00199998	
36	32	30	6.25052	0.15526	6.20708	4.69442	6.22565	0.154803	4.06606	8.70551	5.41935	3.26326	2.75703	0.844582	0.00404018	1.81367e-06	2.18086	0.528463	6.41902	4.57821	
36	32	31	3.03727	0.146548	3.04625	2.20023	2.98599	0.153145	1.22912	2.23347	2.32584	1.35239	1.61139	0.649148	0.000252758	1.59716e-08	0.935971	0.21901	3.7517	3.51882	
36	33	30	3.10499	0.513571	2.95387	2.09808	2.9139	0.556832	1.90431	1.9987	1.40459	0.493215	0.870562	0.189469	0.000631895	9.98228e-08	0.565236	0.079873	2.02687	1.02705	
36	33	31	2.51578	0.210685	2.62142	1.47042	2.42889	0.211038	1.77253	1.50467	1.38455	0.479245	1.21046	0.366301	0.0002001	1.001e-08	0.557174	0.0776107	2.81822	1.9856	
36	34	30	0.313216	1.76004e-05	0.316013	0.00545978	0.31316	1.75972e-05	0.294382	0.00636762	0.0634822	0.01612	0.0583239	0.0136067	1.31148e-05	6.87987e-10	0.0344723	0.00475335	0.334746	0.448219	
36	34	31	0.732395	0.0652671	0.572737	0.135099	0.663227	0.0458742	0.326181	0.080422	0.596594	0.355925	0.577631	0.333658	7.21311e-05	5.2029e-09	0.323964	0.104953	3.31528	10.9911	
36	35	31	0.0803058	0.000261091	0.0785903	0.00132513	0.0769554	0.00025783	0.0597808	0.00112445	0.0180788	0.000762636	0.0158808	0.00058847	0.000176792	7.29291e-08	0.00696668	0.000113247	0.0767024	0.0137276	
36	35	32	0.0256564	-3.37225e-20	0.0256564	0	0.0256564	1.0842e-19	0.0256564	1.0842e-19	0.00256564	5.92425e-05	0.00256564	5.92425e-05	1.30957e-06	1.54347e-11	0.000988669	8.7972e-06	0.0123917	0.00138199	
37	29	29	0.91494	0.0577846	0.785386	0.135478	0.861278	0.046218	0.547679	0.130187	0.216107	0.108972	0.135405	0.0427806	0.000766098	1.36945e-06	0.0832769	0.0161818	0.653989	0.997971	
37	29	30	0.351624	0.0161288	0.276789	0.0532002	0.290261	0.0178113	0.0813588	0.0158999	0.0517206	0.00624171	0.0163167	0.000621217	0.000377156	3.31909e-07	0.0199305	0.000926861	0.0788077	0.0144915	
37	30	29	2.20623	0.339049	1.87567	0.738289	2.07386	0.274512	1.08286	0.858498	1.06447	0.755403	0.454153	0.137503	0.00253794	4.29411e-06	0.410195	0.112173	2.1935	3.20763	
37	30	30	3.06424	1.52252	2.73663	2.47195	1.9167	2.19948	0.571341	1.23712	2.48126	0.684071	0.411168	0.0187843	0.00779063	6.74376e-06	0.956153	0.101581	1.98589	0.438194	
37	31	29	1.62384	0.152018	1.52913	0.834238	1.50195	0.183066	0.64886	0.571172	1.52482	0.58127	0.922017	0.212529	0.000429539	4.61259e-08	0.58759	0.0863156	4.45322	4.9578	
37	31	30	5.3218	0.537776	5.49814	4.0343	5.20084	0.629086	4.11979	5.67853	5.35315	1.06581e-14	3.57251	5.32907e-15	0.0199447	1.0842e-19	2.06284	1.77636e-15	17.2548	5.68434e-14	
37	31	31	0.638895	0.0395425	0.568623	0.0593427	0.577954	0.0352212	0.480191	0.0424644	0.278859	0.0777626	0.225595	0.0508931	9.82177e-05	9.64671e-09	0.107459	0.0115473	1.08959	1.18722	
37	32	29	0.182135	8.36226e-05	0.187059	0.00458084	0.181676	8.34118e-05	0.150202	0.00553605	0.0382559	0.00585407	0.0304081	0.00369862	2.62667e-05	2.75976e-09	0.0160588	0.00103154	0.0747682	0.0223611	
37	32	30	5.7616	0.732634	6.05368	3.60197	5.56851	1.07521	4.61051	6.65375	5.6166	0	3.64888	0	0.0185706	0	2.3577	0	8.97193	-2.84217e-14	
37	32	31	2.97199	0.10235	2.95936	2.28665	2.93456	0.109839	1.6934	2.14378	2.43749	0.660152	1.2758	0.180851	0.00336871	1.26091e-06	1.0232	0.116325	3.13696	1.09339	
37	33	30	3.27202	0.129506	3.29588	2.79283	3.23238	0.128124	1.69332	2.71364	2.81915	0.883066	1.10987	0.136867	0.00615823	4.21376e-06	1.1834	0.155605	2.72897	0.827472	
37	33	31	2.84066	0.355161	2.93529	1.73585	2.70366	0.370419	1.76246	2.06707	2.76955	0.852268	2.13135	0.504741	0.00864043	8.29524e-06	1.16258	0.150178	5.24062	3.05156	
37	34	30	0.390766	0.0718466	0.337313	0.0589587	0.293662	0.0285159	0.209831	0.0267497	0.15388	0.0157861	0.0821106	0.00449476	0.00014972	1.49441e-08	0.064595	0.00278167	0.201895	0.0271744	
37	34	31	1.02899	0.0904315	0.878611	0.240208	0.959897	0.0663179	0.521912	0.186166	0.748017	0.139882	0.439719	0.0483382	0.000441281	4.86822e-08	0.313998	0.0246486	1.08119	0.292243	
37	34	32	0.0280389	2.57286e-20	0.0280389	0.000220038	0.0280389	1.0842e-19	0.0220751	0.00013165	0.00280389	7.07561e-05	0.00220751	4.38581e-05	3.39076e-05	1.03475e-08	0.00160961	2.33175e-05	0.0111535	0.00111961	
37	35	31	0.169556	0.0010242	0.147962	0.00474042	0.163586	0.000976578	0.113549	0.00390762	0.0521887	0.00408549	0.0380578	0.0021726	0.000307777	1.4209e-07	0.0299596	0.00134636	0.192288	0.055462	
37	35	32	0.0381411	5.41113e-07	0.0378016	0.00011357	0.0381269	5.40912e-07	0.0347359	0.000106491	0.0074811	0.000223868	0.00683146	0.000186675	4.95572e-05	9.82368e-09	0.00429462	7.37751e-05	0.0345161	0.00476544	
38	29	29	0.364382	0.00213483	0.353618	0.0321424	0.358415	0.00213875	0.20063	0.030694	0.135706	0.0276241	0.100714	0.015215	0.00108432	1.76364e-06	0.0522943	0.00410204	0.486436	0.35493	
38	29	30	0.326113	0.00793647	0.236992	0.0317377	0.29595	0.00892674	0.111196	0.013988	0.0600377	0.00841055	0.0285945	0.00190784	0.000259295	1.56879e-07	0.0231355	0.00124892	0.138108	0.0445054	
38	30	29	1.34163	0.0515246	1.25205	0.357673	1.30824	0.0436834	0.863333	0.33559	1.00881	0.254423	0.669711	0.112128	0.00445253	4.95627e-06	0.388744	0.0377805	3.23462	2.61569	
38	30	30	2.0205	0.567715	1.78129	1.01088	1.67286	0.581557	0.704553	0.758617	1.45565	0.235437	0.701476	0.0546743	0.00992391	1.09427e-05	0.560936	0.0349611	3.38804	1.27542	
38	31	29	1.01353	0.0544244	0.995988	0.454445	0.962235	0.0493561	0.453511	0.246019	1.20533	0.161425	0.755591	0.0634353	0.00057752	3.70588e-08	0.464474	0.0239707	3.6494	1.47979	
38	31	30	4.25647	0.185169	4.10867	2.62959	4.21835	0.160809	3.02467	3.27874	3.81704	5.32907e-15	2.48413	0	0.0194078	1.0842e-19	1.4709	-8.88178e-16	11.998	-2.84217e-14	
38	31	31	0.630815	0.0272645	0.556407	0.0597641	0.592281	0.0228226	0.390083	0.0648804	0.140779	0.046244	0.0898498	0.018837	4.32158e-05	4.35774e-09	0.0542494	0.00686699	0.433963	0.439422	
38	32	29	0.127115	0.00430639	0.126777	0.00927399	0.0897439	0.00335386	0.0674814	0.00400132	0.0627855	0.00919805	0.0541933	0.00685281	3.92871e-05	3.60144e-09	0.0241944	0.00136586	0.261747	0.15986	
38	32	30	5.68295	0.194233	5.57543	3.05401	5.65322	0.168123	4.07664	6.11003	5.54855	0	3.76915	1.77636e-15	0.0166446	0	2.13813	-1.77636e-15	18.2045	0	
38	32	31	2.63838	0.16842	2.63162	2.16757	2.58334	0.142184	1.21467	1.72112	2.11556	0.497289	1.34686	0.201558	0.00232187	5.99007e-07	0.815232	0.0738447	6.50514	4.70187	
38	33	30	3.65665	0.332115	3.57878	3.02684	3.57123	0.305057	1.82093	3.20091	3.66053	5.32907e-15	1.37337	2.22045e-16	0.00185959	-1.27055e-21	1.41059	-6.66134e-16	6.63318	0	
38	33	31	3.39571	0.0942685	3.33694	1.64904	3.36559	0.101386	1.88333	2.73763	3.48104	1.77636e-15	3.18874	-1.77636e-15	0.00265843	8.47033e-22	1.34142	-4.44089e-16	15.4012	0	
38	34	30	0.392936	0.0274019	0.350487	0.0796024	0.341378	0.0176008	0.154847	0.0302943	0.294294	0.0216522	0.160338	0.00642709	0.000419062	4.39033e-08	0.113406	0.00321524	0.774413	0.149929	
38	34	31	1.13059	0.0252487	1.1054	0.39704	1.1037	0.0296856	0.67157	0.291344	1.13667	0	0.97319	-2.22045e-16	0.0018203	-8.47033e-22	0.438017	-5.55112e-17	4.70038	-1.06581e-14	
38	34	32	0.0504305	0.000330094	0.0503135	0.000372007	0.0427889	0.000326976	0.0430028	0.000314382	0.00803199	0.00015053	0.00803199	0.00015053	1.17372e-05	3.21447e-10	0.00461086	4.96068e-05	0.0405818	0.00384272	
38	35	31	0.248942	0.00124235	0.236149	0.00900639	0.244611	0.00105945	0.174198	0.0107918	0.157097	0.0164531	0.152135	0.01543	3.12993e-05	6.53098e-10	0.0901837	0.00542207	0.768664	0.393896	
38	35	32	0.0758126	2.91334e-05	0.0734901	0.000309293	0.0754205	2.95705e-05	0.0683429	0.000351771	0.020638	0.000993833	0.0183707	0.000787459	4.73921e-05	5.2407e-09	0.0083052	0.000160945	0.0427713	0.00426856	
39	28	29	0.0370715	1.76818e-20	0.0370715	0	0.0370715	0	0.0370715	0	0.00370715	0.000123687	0.00370715	0.000123687	1.30911e-06	1.54238e-11	0.00154754	2.15539e-05	0.0494463	0.0220044	
39	29	29	0.181743	0.00351002	0.143147	0.0102702	0.160187	0.003453	0.0746976	0.00511301	0.0473561	0.0022426	0.0272476	0.000742429	0.000850919	7.24063e-07	0.0197686	0.000390798	0.36343	0.132081	
39	29	30	0.120595	0.00156415	0.100699	0.00487431	0.105975	0.00154929	0.044366	0.00249928	0.0488565	0.00358043	0.0321196	0.0015475	0.000136147	2.7804e-08	0.0203949	0.00062393	0.428413	0.275306	
39	30	29	0.685337	0.0659936	0.626304	0.119281	0.609651	0.0461421	0.369546	0.0948838	0.604132	0.0405528	0.477994	0.0253864	0.000718699	5.73921e-08	0.252193	0.00706679	6.37551	4.51634	
39	30	30	1.10995	0.177625	1.04563	0.360681	0.931376	0.166316	0.610056	0.265726	1.21788	0.164803	0.934293	0.0969893	0.000459496	2.34596e-08	0.508398	0.0287187	12.4617	17.2548	
39	31	29	0.676006	0.0451628	0.602879	0.176163	0.590001	0.050743	0.146131	0.066745	0.519807	0.1158	0.473163	0.09595	0.00043986	8.29185e-08	0.216992	0.0201794	6.31108	17.0699	
39	31	30	3.00674	0.0469276	2.96065	1.65265	2.99148	0.0456422	2.08218	1.82913	3.04585	1.77636e-15	1.86869	1.33227e-15	0.00873174	2.71051e-20	1.27148	0	24.9247	1.13687e-13	
39	31	31	0.202646	0.00656597	0.160278	0.0114764	0.146941	0.00818535	0.0763793	0.00640811	0.08617	0.0111379	0.0574172	0.0049451	0.00014184	3.0178e-08	0.0361719	0.00196261	0.141179	0.0298971	
39	32	29	0.111641	0.00301804	0.0953759	0.00400879	0.0898927	0.00195499	0.0520266	0.00225531	0.0652983	0.00426387	0.0246072	0.000605514	9.19335e-05	8.45177e-09	0.0274105	0.000751335	0.0605047	0.00366081	
39	32	30	4.67311	0.0857497	4.63976	2.46181	4.65559	0.0815417	2.68584	5.24791	4.54551	7.10543e-15	2.50231	8.88178e-16	0.0232986	0	1.90809	8.88178e-16	6.15274	0	
39	32	31	2.37198	0.100258	2.32301	1.94304	2.32267	0.114524	0.879965	1.26983	2.40966	1.77636e-15	0.687618	1.11022e-16	0.00175987	-8.47033e-22	1.01151	6.66134e-16	1.69073	0	
39	33	30	3.57778	0.0739034	3.5976	3.12637	3.55749	0.0721828	1.12523	2.78198	3.47591	-3.55271e-15	2.12634	8.88178e-16	0.010336	0	1.4591	-1.33227e-15	5.22829	-1.06581e-14	
39	33	31	3.30962	0.0512875	3.2916	1.70988	3.294	0.051451	1.9914	2.58922	3.44652	1.77636e-15	2.65573	1.77636e-15	0.0133435	-2.71051e-20	1.44676	-1.77636e-15	6.52996	0	
39	34	30	0.747832	0.149947	0.541576	0.168787	0.558353	0.105796	0.144446	0.0573638	0.715505	1.11022e-16	0.603259	-2.22045e-16	0.000485934	0	0.30035	2.77556e-17	1.4833	0	
39	34	31	1.44371	0.0627665	1.37375	0.551196	1.40198	0.0585086	0.845201	0.446726	1.67429	1.33227e-15	0.97663	-1.11022e-16	0.00408447	3.38813e-21	0.702821	5.55112e-17	2.40136	-5.32907e-15	
39	34	32	0.0657482	-3.82859e-19	0.0657482	0.000758866	0.0657482	8.67362e-19	0.0510641	0.000749832	0.00657482	0.000389055	0.00510641	0.000234679	5.93034e-05	3.1652e-08	0.00466677	0.000196009	0.0205323	0.00379418	
39	35	30	0.013931	-1.18849e-20	0.013931	4.36296e-06	0.013931	-2.71051e-20	0.0136356	4.02848e-06	0.0013931	1.74666e-05	0.00136356	1.67336e-05	6.54785e-06	3.85868e-10	0.000536832	2.5937e-06	0.0065858	0.000390355	
39	35	31	0.388483	0.0179567	0.306265	0.0267912	0.350318	0.0133701	0.187348	0.0222789	0.268562	0.0480838	0.231638	0.0357709	0.000471445	1.48173e-07	0.103491	0.0071402	1.11878	0.834451	
39	35	32	0.0845726	0.000156222	0.080593	0.000984739	0.0826852	0.000156061	0.0661451	0.000955657	0.0310773	0.0014487	0.0242146	0.000879521	0.00048497	3.52794e-07	0.0220585	0.000729868	0.0973642	0.0142197	
40	29	29	0.118109	1.37219e-19	0.118109	0.0034041	0.118109	-1.73472e-18	0.0885777	0.00261584	0.0118109	0.00125548	0.00885777	0.000706142	3.94001e-05	1.39713e-08	0.00495792	0.000221229	0.0217797	0.00426919	
40	29	30	0.0663623	1.28749e-19	0.0663623	0.000133003	0.0663623	0	0.0640897	0.000145649	0.00663623	0.000396356	0.00640897	0.000369675	7.88001e-06	5.58852e-10	0.00278572	6.98419e-05	0.0157585	0.00223498	
40	30	29	0.431064	0.0342631	0.352931	0.0423545	0.372215	0.0219046	0.202244	0.0304754	0.207843	0.0185136	0.133073	0.00758928	0.00294187	3.70912e-06	0.0872468	0.00326229	0.327202	0.0458833	
40	30	30	0.680377	0.0525434	0.587868	0.11602	0.610236	0.0428025	0.257876	0.0850969	0.436469	0.0476264	0.121656	0.00370008	0.00354075	3.13423e-06	0.183218	0.00839224	0.299131	0.0223699	
40	31	29	0.585106	0.0146099	0.538937	0.0713319	0.560612	0.0137319	0.254954	0.0724026	0.576626	0.0369441	0.518047	0.0298192	0.0002364	6.20946e-09	0.242052	0.00650992	1.27378	0.180281	
40	31	30	1.97268	0.055765	1.97602	0.79023	1.94402	0.0557146	1.25524	0.904755	1.92855	0	1.25056	4.44089e-16	0.0165874	-5.42101e-20	0.809553	2.22045e-16	3.07489	-3.55271e-15	
40	31	31	0.126218	0.000509006	0.130323	0.00475816	0.122006	0.000513889	0.0837317	0.00390114	0.0385713	0.00347141	0.0191425	0.000855014	6.30401e-05	9.2728e-09	0.0161912	0.000611696	0.0470679	0.00516924	
40	32	29	0.119049	0.00143252	0.108497	0.00345628	0.104774	0.00149562	0.0673622	0.00277095	0.127893	0.00700997	0.119361	0.00610584	5.51601e-05	1.30399e-09	0.0536861	0.00123523	0.293486	0.0369147	
40	32	30	3.67197	0.0186506	3.66089	1.77476	3.66688	0.0186695	2.40202	3.02383	3.40758	1.77636e-15	2.42182	8.88178e-16	0.0166531	5.42101e-20	1.43041	-4.44089e-16	5.95481	1.42109e-14	
40	32	31	1.96291	0.0684324	1.92063	1.23415	1.92161	0.0793665	0.974626	0.922	1.75927	-8.88178e-16	0.840867	-5.55112e-16	0.0013396	-6.35275e-22	0.738493	0	2.06754	2.66454e-15	
40	33	30	3.48154	0.0299319	3.46928	2.37373	3.47342	0.028201	1.18069	2.70211	3.9024	1.77636e-15	3.26617	-1.77636e-15	0.00696068	-6.77626e-21	1.63813	1.33227e-15	8.03093	1.42109e-14	
40	33	31	3.35206	0.018076	3.34501	1.3873	3.34677	0.0177118	2.11049	2.60544	3.60406	1.77636e-15	3.30638	1.77636e-15	0.00656668	0	1.51289	-8.88178e-16	8.12979	-4.26326e-14	
40	34	30	0.790975	0.112724	0.644958	0.247768	0.652645	0.0902808	0.158741	0.0771824	1.48958	8.88178e-16	1.45649	0	9.19335e-05	-4.96308e-24	0.625286	-5.55112e-17	3.58125	3.55271e-15	
40	34	31	1.81571	0.084817	1.66268	0.64634	1.77026	0.0804667	1.08269	0.627949	2.35034	0	2.10408	-8.88178e-16	0.00158914	1.27055e-21	0.986612	4.44089e-16	5.17356	0	
40	34	32	0.0926954	0.000948225	0.0680628	0.00204745	0.0793355	0.00105992	0.035046	0.00115711	0.0346754	0.00280556	0.0294893	0.00202911	2.75009e-05	1.76471e-09	0.0133622	0.000416612	0.142429	0.0473344	
40	35	30	0.0205022	7.33213e-21	0.0205022	0	0.0205022	0	0.0205022	0	0.00205022	3.78305e-05	0.00205022	3.78305e-05	1.30957e-06	1.54347e-11	0.000790051	5.61762e-06	0.00990227	0.000882495	
40	35	31	0.404353	0.0108518	0.409533	0.0515367	0.369101	0.0130116	0.221718	0.0416419	0.229633	0.0351541	0.109081	0.00793245	0.00246723	4.05814e-06	0.088489	0.0052202	0.526847	0.185045	
40	35	32	0.0977061	0.000614693	0.0959812	0.00214135	0.0895274	0.000732212	0.0581528	0.00219983	0.0228361	0.000782229	0.0117995	0.000208841	0.000136195	2.78237e-08	0.00879988	0.000116157	0.0569898	0.00487176	
40	36	31	0.122593	-4.24364e-19	0.122593	3.59938e-07	0.122593	0	0.12259	3.60034e-07	0.0122593	0.00135261	0.012259	0.00135255	6.55738e-06	3.86993e-10	0.00665707	0.00039885	0.0703597	0.0445544	
40	36	32	0.0291979	3.02285e-20	0.0291979	0.000575024	0.0291979	0	0.0216407	0.000163543	0.00291979	7.67265e-05	0.00216407	4.21487e-05	8e-05	5.76e-08	0.00158551	2.26246e-05	0.0124205	0.00138842	
41	29	29	0.045768	-2.0117e-20	0.045768	6.21564e-05	0.045768	0	0.0443563	6.2618e-05	0.0045768	0.000188524	0.00443563	0.000177074	3.94001e-05	1.39713e-08	0.00192122	3.32198e-05	0.0109064	0.00107055	
41	29	30	0.0174623	2.62051e-21	0.0174623	1.80957e-05	0.0174623	0	0.016437	1.68535e-05	0.00174623	2.7444e-05	0.0016437	2.43157e-05	6.56668e-06	3.88091e-10	0.000733023	4.8359e-06	0.00404156	0.000147008	
41	30	29	0.402687	0.0335592	0.15886	0.0126843	0.280519	0.0342703	0.106348	0.00558453	0.043285	0.00437172	0.0309282	0.00223196	0.000894382	1.86648e-06	0.0181699	0.00077034	0.076047	0.013494	
41	30	30	0.450266	0.0173126	0.294522	0.0432276	0.38611	0.0247714	0.119826	0.0209331	0.10962	0.00801107	0.0505694	0.00170485	0.00126868	1.07304e-06	0.0460157	0.00141163	0.124341	0.0103072	
41	31	29	0.314744	0.00399914	0.305823	0.0175163	0.300084	0.00439927	0.233104	0.0169511	0.228878	0.0130962	0.17148	0.00735138	0.00107168	2.87126e-07	0.0960768	0.00230769	0.42164	0.044445	
41	31	30	1.29004	0.027145	1.28751	0.354299	1.268	0.0279496	0.879303	0.35894	1.12196	-2.22045e-16	0.789487	-1.11022e-16	0.0131859	-2.71051e-20	0.470971	2.77556e-17	1.94121	-1.33227e-15	
41	31	31	0.0287353	1.33492e-05	0.031577	0.0022424	0.0282707	1.31334e-05	0.0156097	0.000249245	0.00501632	0.000100654	0.00501632	0.000100654	2.61914e-06	2.74395e-11	0.00193304	1.49466e-05	0.0242282	0.00234802	
41	32	29	0.0961556	0.00101309	0.0814334	0.00272754	0.0794159	0.0013294	0.0382334	0.00165168	0.0484399	0.00351964	0.0460268	0.0031777	8.39344e-05	1.05675e-08	0.026304	0.00103785	0.264168	0.104677	
41	32	30	2.64934	0.0661299	2.6654	1.05952	2.62317	0.0686466	1.91831	1.43315	2.87532	3.55271e-15	2.11639	3.55271e-15	0.0247607	0	1.56136	-4.44089e-16	12.1469	0	
41	32	31	1.42617	0.0710563	1.31751	0.756079	1.37808	0.0662754	0.369183	0.350107	1.75797	-1.33227e-15	0.623701	5.55112e-17	0.00221639	1.69407e-21	0.954615	2.22045e-16	3.57969	-3.55271e-15	
41	33	30	2.82939	0.0655417	2.84741	1.63618	2.80477	0.0690568	1.30164	2.01203	2.67574	-8.88178e-16	1.0454	0	0.0142951	2.71051e-20	1.45299	0	6.00002	0	
41	33	31	3.04406	0.041453	3.00804	1.05302	3.0297	0.0434963	1.57578	2.25692	3.17661	1.77636e-15	2.73812	0	0.0102951	0	1.72497	0	15.7153	5.68434e-14	
41	34	30	0.848885	0.0578931	0.790522	0.321533	0.789858	0.0466225	0.226741	0.127832	0.884053	0	0.202982	2.77556e-17	0.00184918	0	0.48006	0	1.165	-4.44089e-16	
41	34	31	1.89787	0.0424232	1.85665	0.59247	1.87613	0.0407869	1.28551	0.734211	1.93622	8.88178e-16	1.39346	6.66134e-16	0.0133639	0	1.05141	2.22045e-16	7.99767	-2.13163e-14	
41	34	32	0.0435738	-1.03232e-19	0.0435738	1.45373e-05	0.0435738	2.1684e-19	0.0432819	1.2632e-05	0.00435738	0.000170881	0.00432819	0.000168599	7.88001e-06	5.58852e-10	0.00182911	3.01108e-05	0.0106422	0.00101932	
41	35	30	0.0344645	-9.40207e-20	0.0344645	7.94133e-05	0.0344645	2.1684e-19	0.0320247	7.81345e-05	0.00344645	0.000106902	0.00320247	9.23023e-05	7.86885e-06	5.5727e-10	0.0018715	3.15226e-05	0.0183804	0.00304054	
41	35	31	0.652802	0.0190159	0.612943	0.0788338	0.624279	0.017806	0.411732	0.0828449	0.390568	0.0381358	0.29572	0.0218626	0.00176262	7.7671e-07	0.212087	0.0112452	1.69727	0.720178	
41	35	32	0.124077	0.00211761	0.122451	0.00401786	0.102358	0.00222317	0.0773019	0.00349009	0.0449638	0.00303261	0.0289878	0.00126044	0.000372459	2.08089e-07	0.0244163	0.000894236	0.166373	0.0415202	
41	36	31	0.135241	0.0018784	0.115541	0.00291384	0.121352	0.00168549	0.0834013	0.00268049	0.0183801	0.00135132	0.0139084	0.000773772	6.29508e-05	1.58512e-08	0.00998083	0.000398468	0.0798262	0.0254889	
41	36	32	0.0702749	0.000437207	0.0666698	0.00239725	0.0640535	0.000398502	0.036389	0.00110189	0.00987308	0.000389911	0.00669724	0.000179412	8.91803e-05	3.18125e-08	0.0053613	0.000114974	0.0384384	0.00591003	
42	30	29	0.116567	2.42271e-05	0.11316	0.00130774	0.116359	2.41839e-05	0.10047	0.00127491	0.0242978	0.00236154	0.0209911	0.0017625	3.67213e-05	5.39382e-09	0.0131943	0.000696356	0.120477	0.0580587	
42	30	30	0.12873	0.00251507	0.130879	0.00493394	0.0984828	0.0029788	0.0833237	0.00396249	0.0621506	0.00579404	0.048752	0.00356513	0.000157377	3.71513e-08	0.0337491	0.00170851	0.279809	0.117439	
42	31	29	0.197652	0.0054165	0.161067	0.00612274	0.175905	0.00382547	0.113991	0.00536632	0.121327	0.00630871	0.115429	0.00571022	0.000156066	1.04385e-08	0.0658835	0.00186027	0.662497	0.188101	
42	31	30	0.694352	0.0178492	0.675484	0.150976	0.669875	0.0163961	0.330357	0.114015	0.525037	-5.55112e-17	0.286625	8.32667e-17	0.00340984	-1.69407e-21	0.285107	1.38778e-17	1.64506	8.88178e-16	
42	31	31	0.029957	2.08582e-20	0.029957	6.48862e-06	0.029957	0	0.0297527	6.07887e-06	0.0029957	8.07682e-05	0.00297527	7.96702e-05	7.86885e-06	5.5727e-10	0.00162673	2.38164e-05	0.0170764	0.00262442	
42	32	29	0.0753159	0.00209212	0.0628093	0.00123535	0.0534913	0.00116742	0.0443224	0.000819381	0.0433709	0.00188104	0.0412742	0.00170356	0.000144467	2.08707e-08	0.018206	0.000331457	0.101486	0.0102994	
42	32	30	1.83357	0.0158868	1.8114	0.575101	1.82527	0.0151553	1.20137	0.732872	1.65884	4.44089e-16	1.01125	4.44089e-16	0.0266738	1.0842e-19	0.696337	1.11022e-16	2.48649	0	
42	32	31	0.815637	0.0265008	0.82968	0.393537	0.778076	0.0292253	0.266642	0.15013	0.706914	2.22045e-16	0.262112	4.16334e-17	0.0011426	-6.35275e-22	0.296744	2.77556e-17	0.644486	5.55112e-17	
42	33	30	2.3848	0.0422616	2.39915	0.954348	2.36663	0.0430052	1.22337	1.43841	2.21743	-8.88178e-16	1.65772	4.44089e-16	0.0127131	8.13152e-20	0.930819	1.11022e-16	4.07604	-7.10543e-15	
42	33	31	2.43433	0.0228008	2.46639	0.866751	2.42463	0.0235334	1.4553	1.47144	2.32956	5.32907e-15	1.613	8.88178e-16	0.0123979	8.13152e-20	0.977887	-6.66134e-16	3.96609	-7.10543e-15	
42	34	30	0.856562	0.0364073	0.883475	0.320115	0.806696	0.0402264	0.384049	0.191804	0.83778	4.44089e-16	0.325145	-2.77556e-17	0.00369047	1.69407e-21	0.351678	4.16334e-17	0.799473	1.11022e-16	
42	34	31	1.83704	0.00541822	1.84401	0.612359	1.83408	0.00543737	1.16582	0.790642	1.83945	-1.33227e-15	1.3226	6.66134e-16	0.0307452	0	0.772152	-1.11022e-16	3.25203	-3.55271e-15	
42	34	32	0.0729591	0.000787295	0.0716772	0.000686761	0.0589124	0.000827522	0.0527743	0.000997591	0.0190301	0.000155206	0.0142387	8.68889e-05	5.51601e-05	1.30399e-09	0.00798835	2.73488e-05	0.0350104	0.000525313	
42	35	30	0.045903	0.000160504	0.0394489	7.25696e-05	0.0428535	0.00013068	0.0381481	4.96238e-05	0.0190388	0.00084578	0.0190388	0.00084578	3.91241e-06	3.57163e-11	0.0109295	0.000278725	0.0961941	0.021591	
42	35	31	0.697217	0.0176424	0.726592	0.113233	0.669814	0.018355	0.4792	0.11855	0.56378	0	0.346727	0	0.00320818	5.0822e-21	0.323645	-1.38778e-17	1.75184	-4.44089e-16	
42	35	32	0.156512	0.00461289	0.151611	0.00719599	0.127803	0.00366909	0.0962651	0.00532789	0.140935	0.00496566	0.132355	0.00437947	0.000146063	5.33363e-09	0.0809055	0.00163642	0.668727	0.111799	
42	36	31	0.15975	0.00322871	0.128579	0.0059266	0.143035	0.00239078	0.0646717	0.00413297	0.0717489	0.0120118	0.0694115	0.0112419	2.34745e-05	1.28579e-09	0.0411883	0.00395845	0.350703	0.286983	
42	36	32	0.11126	0.000400651	0.0924474	0.00161353	0.107659	0.000387684	0.0729639	0.00142159	0.0182487	0.00133206	0.0144302	0.000832919	0.000340006	4.62416e-07	0.0129528	0.000671102	0.0580221	0.0134662	
42	37	32	0.0217072	-1.16467e-20	0.0217072	3.56838e-06	0.0217072	0	0.0215617	3.13522e-06	0.00217072	4.2408e-05	0.00215617	4.18418e-05	6.58926e-06	3.90766e-10	0.00154076	2.13655e-05	0.00866974	0.000676479	
43	30	29	0.0554193	-1.33831e-19	0.0554193	0.00031649	0.0554193	4.33681e-19	0.0499021	0.000275317	0.00554193	0.000276417	0.00499021	0.00022412	9.18033e-05	7.58506e-08	0.00300939	8.15079e-05	0.028641	0.00738276	
43	30	30	0.0519896	0.000486339	0.0555485	0.000954812	0.0368497	0.0005579	0.0379861	0.000667129	0.0321829	0.00103574	0.027473	0.000754765	0.000354098	1.25386e-07	0.017476	0.000305411	0.157679	0.0248628	
43	31	29	0.0952459	0.000177506	0.0984783	0.00146883	0.0930711	0.000202415	0.0724291	0.00188672	0.071679	0.00220195	0.0404072	0.000699747	0.000706885	2.14151e-07	0.0389233	0.000649295	0.231914	0.0230504	
43	31	30	0.369831	0.00549288	0.361989	0.0388799	0.356911	0.00461109	0.215096	0.0315961	0.313586	-4.16334e-17	0.152776	0	0.0072918	0	0.170284	-2.42861e-17	0.876849	-3.33067e-16	
43	31	31	0.0177796	1.48244e-05	0.0187422	1.52581e-05	0.0169459	1.41292e-05	0.017876	1.54836e-05	0.00432598	7.48564e-05	0.00430774	7.42266e-05	1.31148e-05	6.87987e-10	0.0023491	2.20732e-05	0.024724	0.0024451	
43	32	29	0.0566667	0.000575566	0.0500372	0.000507201	0.0465337	0.000471526	0.0392624	0.000423043	0.026295	0.00161333	0.026295	0.00161333	7.86885e-06	1.44477e-10	0.0142788	0.000475727	0.150918	0.0531448	
43	32	30	1.15665	0.0044628	1.15953	0.281257	1.15273	0.00451412	0.797152	0.288872	1.19239	1.11022e-15	0.86094	1.11022e-16	0.0124328	0	0.647493	-1.66533e-16	4.94131	-3.55271e-15	
43	32	31	0.555786	0.0241994	0.524937	0.152634	0.518194	0.0194799	0.1398	0.0538423	0.52575	5.55112e-17	0.0674345	-8.67362e-19	0.000957377	4.23516e-22	0.285494	-1.38778e-17	0.387036	0	
43	33	30	1.78866	0.0285916	1.79073	0.527933	1.77071	0.0317887	0.995473	0.791655	1.66092	-1.77636e-15	1.17205	6.66134e-16	0.0116197	8.13152e-20	0.901916	-2.22045e-16	6.72693	-7.10543e-15	
43	33	31	1.9676	0.0148679	1.96263	0.601801	1.96015	0.0146034	1.06324	0.956264	2.00231	-8.88178e-16	1.36043	4.44089e-16	0.0122623	-2.71051e-20	1.0873	-2.22045e-16	7.80811	2.13163e-14	
43	34	30	0.8513	0.0326232	0.857792	0.302667	0.805459	0.0369225	0.35407	0.178353	0.962184	0	0.636689	5.55112e-17	0.00278033	3.38813e-21	0.522487	-5.55112e-17	3.65423	-1.77636e-15	
43	34	31	1.72657	0.00688458	1.71593	0.409806	1.72267	0.00670704	1.1926	0.624124	1.80581	0	1.1868	-4.44089e-16	0.0223869	0	0.980598	-1.11022e-16	6.81154	7.10543e-15	
43	34	32	0.0792092	0.000893372	0.0742644	0.000664436	0.0688195	0.000715013	0.0619864	0.000761071	0.0266758	0.0010674	0.021257	0.000677791	3.14754e-05	1.48605e-09	0.0144856	0.000314747	0.122003	0.0223272	
43	35	30	0.0679326	0.0010565	0.062172	0.00124856	0.0520483	0.000826753	0.0411414	0.000865228	0.0456362	0.00208266	0.0456362	0.00208266	6.53065e-06	4.26495e-11	0.0256026	0.000655495	0.208637	0.0435293	
43	35	31	0.765653	0.00380475	0.767887	0.126365	0.760735	0.00374066	0.540326	0.122957	0.759206	1.11022e-16	0.525322	-5.55112e-17	0.014903	-5.42101e-20	0.425927	-5.55112e-17	2.40164	8.88178e-16	
43	35	32	0.20114	0.00176146	0.202057	0.00667383	0.191844	0.00178331	0.156545	0.00712471	0.184131	0.00376714	0.151375	0.00254604	0.00153993	2.63487e-07	0.103301	0.00118567	0.692047	0.0532143	
43	36	31	0.228681	0.00690701	0.193024	0.0131806	0.194077	0.00671579	0.0917102	0.00929149	0.123899	-3.46945e-18	0.0473666	0	0.00117552	-2.11758e-22	0.0695093	-2.60209e-18	0.216548	-1.38778e-17	
43	36	32	0.170092	0.00409316	0.11912	0.00659518	0.144695	0.0036748	0.0670053	0.00349196	0.160796	0.00646386	0.148538	0.0055159	8.35924e-05	1.74692e-09	0.0902093	0.00203443	0.679078	0.115287	
43	37	31	0.0162146	-6.19393e-21	0.0162146	0	0.0162146	0	0.0162146	0	0.00162146	2.36622e-05	0.00162146	2.36622e-05	1.30957e-06	1.54347e-11	0.00062483	3.51371e-06	0.00783144	0.000551983	
43	37	32	0.0226584	1.29401e-05	0.0192304	5.63869e-05	0.0220873	1.26139e-05	0.0166936	4.23489e-05	0.00381223	5.81322e-05	0.00330987	4.38209e-05	0.000217388	1.89031e-07	0.00146904	8.63233e-06	0.0159862	0.00102224	
44	30	29	0.0286264	3.96023e-05	0.0227135	8.92157e-05	0.0269918	4.41191e-05	0.0193449	6.51637e-05	0.00592274	8.18506e-05	0.00527965	6.5041e-05	0.000351993	2.89098e-07	0.00238629	1.32869e-05	0.0381868	0.00340255	
44	30	30	0.03222	2.38044e-05	0.0282188	8.91515e-05	0.0315468	2.12371e-05	0.0249913	8.06607e-05	0.00841037	0.000165047	0.00744534	0.000129344	0.00048888	5.57674e-07	0.00338856	2.67922e-05	0.0538509	0.00676648	
44	31	29	0.0496678	0.000230343	0.0434256	0.000474386	0.0457569	0.000178949	0.0330617	0.000342649	0.0376823	0.000946636	0.0368104	0.000903339	3.91104e-05	1.01975e-09	0.0151823	0.000153668	0.266244	0.0472572	
44	31	30	0.200079	0.00260235	0.208269	0.0130982	0.183654	0.0030166	0.133754	0.00996675	0.0937774	1.73472e-18	0.0460547	-4.33681e-19	0.00127761	8.47033e-22	0.0377832	0	0.333106	0	
44	32	29	0.0274068	6.36798e-05	0.0253466	0.000127623	0.025238	5.47362e-05	0.0209906	9.1436e-05	0.0114104	0.000303792	0.011303	0.0002981	1.56988e-05	5.75055e-10	0.00925918	0.000200042	0.0610365	0.00869272	
44	32	30	0.724455	0.00488898	0.72556	0.123939	0.71788	0.0047204	0.4546	0.123178	0.64835	-1.11022e-16	0.396545	-5.55112e-17	0.0133701	2.71051e-20	0.526117	0	2.14136	-8.88178e-16	
44	32	31	0.403584	0.0062193	0.363548	0.0532865	0.387218	0.00633691	0.190928	0.0329581	0.344457	2.77556e-17	0.20085	-1.38778e-17	0.000575622	5.29396e-23	0.279517	5.55112e-17	1.0846	-2.22045e-16	
44	33	30	1.31036	0.00178114	1.30482	0.256269	1.30905	0.00171517	0.895982	0.366308	1.2859	-1.33227e-15	0.809025	1.11022e-16	0.0260731	0	1.04347	-6.66134e-16	4.36877	-3.55271e-15	
44	33	31	1.39364	0.0120748	1.38146	0.413933	1.38479	0.0122544	0.675702	0.476879	1.43585	4.44089e-16	0.505829	-1.11022e-16	0.023208	-3.25261e-19	1.16515	0	2.7315	8.88178e-16	
44	34	30	0.79036	0.0220887	0.770604	0.230506	0.768694	0.0166548	0.272191	0.135664	0.875213	2.22045e-16	0.539476	-1.11022e-16	0.00559924	6.77626e-21	0.710209	-4.44089e-16	2.91319	-1.77636e-15	
44	34	31	1.52185	0.00530256	1.50313	0.284908	1.5184	0.00524213	1.06785	0.464816	1.50808	1.33227e-15	1.14698	0	0.0350083	2.1684e-19	1.22376	0	6.19373	-1.42109e-14	
44	34	32	0.0460517	0.000114611	0.0485072	0.000303039	0.0436616	0.000104354	0.0428484	0.00024247	0.0157049	0.000246645	0.0157049	0.000246645	6.54116e-06	4.27868e-11	0.0127441	0.000162412	0.0848073	0.00719227	
44	35	30	0.0614837	0.000579297	0.050273	0.000610467	0.0538618	0.000410526	0.039362	0.000429477	0.0121622	0.000345147	0.00985808	0.000226757	8.25028e-05	1.58823e-08	0.00468672	5.12525e-05	0.0476132	0.00528971	
44	35	31	0.745067	0.0060905	0.761352	0.120392	0.736563	0.00626336	0.507161	0.128916	0.715802	4.44089e-16	0.517154	1.66533e-16	0.00580139	-6.77626e-21	0.275834	-1.38778e-17	2.49779	5.32907e-15	
44	35	32	0.227673	0.00166508	0.20333	0.00959016	0.220208	0.00164387	0.129749	0.009547	0.253948	1.38778e-17	0.210024	0	0.000379775	0	0.0978589	1.73472e-18	1.01439	2.22045e-16	
44	36	31	0.266406	0.00155942	0.24478	0.0144802	0.260323	0.00158338	0.156342	0.0138265	0.270553	0.00813322	0.145545	0.0023537	0.000506803	2.85388e-08	0.104258	0.00120774	0.702962	0.0549062	
44	36	32	0.202315	0.00583141	0.147424	0.00783848	0.174493	0.0048547	0.0915877	0.00511391	0.08001	0.0016004	0.0608806	0.000926613	0.00195912	9.59533e-07	0.0308319	0.000237651	0.294046	0.0216157	
44	37	31	0.0224498	2.18328e-05	0.0243188	1.90722e-05	0.0214773	2.0887e-05	0.0233724	2.21205e-05	0.00355544	5.05648e-05	0.00353644	5.00255e-05	7.85741e-06	2.46956e-10	0.00137009	7.5086e-06	0.0170805	0.00116698	
44	37	32	0.0430617	4.2572e-05	0.0400948	0.000210745	0.0421615	3.79525e-05	0.0315823	0.000268845	0.0112507	0.000295351	0.00876925	0.000179433	0.000141433	4.66747e-08	0.00433547	4.38581e-05	0.0423543	0.00418574	
45	30	29	0.0145302	1.2507e-20	0.0145302	6.0386e-06	0.0145302	0	0.0141351	5.58538e-06	0.00145302	1.90015e-05	0.00141351	1.79821e-05	5.74698e-05	2.9725e-08	0.000815169	5.98051e-06	0.00646219	0.00037584	
45	30	30	0.0147031	2.25797e-07	0.0151417	7.92463e-06	0.0146877	2.25561e-07	0.0146401	7.34445e-06	0.00303566	3.68608e-05	0.00293141	3.43726e-05	6.53065e-05	1.70598e-08	0.00170305	1.16015e-05	0.0134016	0.000718415	
45	31	29	0.0294587	5.02437e-05	0.0239514	0.000109811	0.0278343	4.52133e-05	0.0196353	8.4749e-05	0.0102594	0.000105255	0.00847511	7.18275e-05	0.000261226	6.82391e-08	0.00575569	3.3128e-05	0.038746	0.00150125	
45	31	30	0.0855116	0.00123051	0.0838493	0.00254825	0.0725496	0.000940388	0.0529232	0.00163671	0.0456832	0.000894411	0.0269467	0.000311196	0.00307202	4.04456e-06	0.025629	0.000281506	0.123193	0.00650425	
45	32	29	0.0191556	5.11754e-05	0.0186591	5.84684e-05	0.0168263	3.91925e-05	0.0161175	4.0965e-05	0.0036091	3.03931e-05	0.0036091	3.03931e-05	1.56441e-05	5.71059e-10	0.00145412	4.93373e-06	0.026104	0.00158998	
45	32	30	0.446805	0.00397603	0.414469	0.043843	0.438774	0.00352377	0.263023	0.0398339	0.387889	-2.77556e-17	0.227202	6.93889e-18	0.00817407	0	0.156282	0	1.64331	1.33227e-15	
45	32	31	0.176484	0.00293765	0.164376	0.0124639	0.160673	0.00254039	0.0866635	0.00673483	0.09822	0.00107191	0.0582876	0.000377493	4.69324e-05	2.44739e-10	0.0395731	0.000174004	0.421584	0.0197481	
45	33	30	0.875608	0.00377254	0.859965	0.13995	0.870884	0.00411417	0.510811	0.178352	0.726434	-1.11022e-16	0.359572	5.55112e-17	0.0089302	-1.35525e-20	0.292682	8.32667e-17	2.60072	-8.88178e-16	
45	33	31	0.927815	0.0142172	0.960377	0.230352	0.912467	0.0140046	0.503055	0.230058	1.0268	-2.22045e-16	0.685549	-5.55112e-17	0.00638803	0	0.413701	8.32667e-17	4.95846	-7.10543e-15	
45	34	30	0.672103	0.0171184	0.623191	0.149723	0.643384	0.0184773	0.282965	0.0962721	0.655661	1.11022e-16	0.433569	0	0.0029072	1.69407e-21	0.264168	-1.38778e-17	3.13593	-3.55271e-15	
45	34	31	1.22116	0.0013637	1.21133	0.176107	1.22007	0.00132954	0.843791	0.310128	1.23358	4.44089e-16	0.908211	1.11022e-16	0.0172998	1.6263e-19	0.497012	0	6.56893	-1.42109e-14	
45	34	32	0.0507933	0.000436338	0.0507933	0.000436338	0.0422028	0.000362542	0.0422028	0.000362542	0.0143364	0.000822129	0.0143364	0.000822129	2.6329e-06	2.77286e-11	0.00576928	0.000133139	0.0333785	0.00445649	
45	35	30	0.0787358	0.000291656	0.0788331	0.00102736	0.0742806	0.000330938	0.0650597	0.000896093	0.0340906	0.00116217	0.0322874	0.00104248	1.95552e-05	3.82405e-10	0.0137352	0.000188655	0.23353	0.0545361	
45	35	31	0.760997	0.00273973	0.767699	0.103666	0.757446	0.00268934	0.524497	0.127559	0.825188	-1.11022e-16	0.693674	-5.55112e-17	0.00584048	2.03288e-20	0.332471	1.38778e-17	5.01723	-3.55271e-15	
45	35	32	0.233757	0.00370552	0.220624	0.0100649	0.219301	0.00317029	0.129253	0.01181	0.137562	0.00210259	0.103453	0.00118917	0.00015253	2.58506e-09	0.0554241	0.000341315	0.748258	0.06221	
45	36	31	0.306641	0.00531106	0.289187	0.0233762	0.286661	0.00572762	0.146523	0.0209035	0.214465	6.93889e-18	0.0714286	-1.73472e-18	0.00221625	1.69407e-21	0.0864084	0	0.516631	-1.11022e-16	
45	36	32	0.220512	0.00449892	0.1737	0.00843711	0.203295	0.00350012	0.111974	0.00691175	0.242628	0.00654095	0.240384	0.00642051	0.000105598	1.23899e-09	0.0977557	0.0010618	1.73866	0.335882	
45	37	31	0.0471674	3.27836e-05	0.0438956	0.000146731	0.0464723	3.23005e-05	0.0384787	0.000208433	0.0105786	0.000447628	0.0104729	0.000438727	1.56736e-05	9.82643e-10	0.00593477	0.000140886	0.0478794	0.00916976	
45	37	32	0.0510167	0.000243462	0.0390887	0.000597101	0.0466849	0.000202228	0.0233802	0.000367268	0.0104514	0.000254876	0.00592369	8.18769e-05	0.000372247	3.23326e-07	0.00586342	8.02194e-05	0.0270816	0.00171129	
46	31	29	0.013949	1.12232e-20	0.013949	1.61607e-08	0.013949	0	0.0139478	1.61593e-08	0.0013949	1.75116e-05	0.00139478	1.75087e-05	5.23293e-06	2.46452e-10	0.00113192	1.15311e-05	0.00753187	0.000510561	
46	31	30	0.039591	0.000230642	0.0390361	0.000335558	0.0330918	0.00021507	0.0298332	0.000274554	0.0176954	0.000469689	0.0155856	0.000364367	0.000298277	1.33454e-07	0.0143593	0.000309283	0.0841629	0.0106251	
46	32	29	0.012764	-3.04402e-22	0.012764	7.82611e-06	0.012764	0	0.0122099	6.76623e-06	0.0012764	1.46628e-05	0.00122099	1.34172e-05	1.69478e-05	2.58506e-09	0.000514266	2.38022e-06	0.00883118	0.000701908	
46	32	30	0.251292	0.00674689	0.205173	0.0141969	0.223961	0.006121	0.112706	0.0104216	0.110533	0.00135751	0.0596826	0.000395779	0.00292154	9.4838e-07	0.0445342	0.000220366	0.431674	0.0207047	
46	32	31	0.11905	0.00492919	0.0893944	0.0044787	0.0815414	0.0030585	0.048492	0.00198344	0.0338643	0.000127421	0.0297691	9.84664e-05	0.000504524	2.82827e-08	0.013644	2.06844e-05	0.215315	0.00515116	
46	33	30	0.577842	0.00215498	0.58199	0.0577008	0.573999	0.00220566	0.39407	0.0740537	0.614324	-5.55112e-17	0.441674	-1.11022e-16	0.00501916	6.77626e-21	0.247513	-2.08167e-17	3.19455	-3.55271e-15	
46	33	31	0.600252	0.0061374	0.600226	0.103292	0.589397	0.00639801	0.291471	0.0899932	0.701596	-1.66533e-16	0.242579	-6.93889e-18	0.00514953	-1.35525e-20	0.282675	-4.16334e-17	1.75454	-8.88178e-16	
46	34	30	0.458123	0.00999144	0.453401	0.0657105	0.438686	0.00852696	0.242268	0.0511507	0.46645	2.77556e-17	0.257389	4.16334e-17	0.00262039	0	0.187934	0	1.86165	4.44089e-16	
46	34	31	0.894486	0.00275946	0.901125	0.104792	0.891346	0.00279857	0.617205	0.175237	0.819652	-1.11022e-16	0.472813	-2.77556e-17	0.0130107	0	0.33024	0	3.41978	-1.77636e-15	
46	34	32	0.019841	2.65757e-20	0.019841	5.45726e-05	0.019841	-5.42101e-20	0.0173714	4.29007e-05	0.0019841	3.54299e-05	0.00173714	2.71589e-05	1.04659e-05	9.85808e-10	0.00161004	2.333e-05	0.00938062	0.000791964	
46	35	30	0.0667181	0.00117716	0.0602957	0.00125414	0.0517241	0.000775555	0.044581	0.000700579	0.0300399	0.000601598	0.0227976	0.000346486	0.000101687	6.89349e-09	0.0121032	9.76578e-05	0.164891	0.018126	
46	35	31	0.702328	0.00278546	0.699538	0.0757058	0.698464	0.00269879	0.485488	0.103919	0.641921	1.66533e-16	0.392881	2.77556e-17	0.00996011	-1.35525e-20	0.258632	-1.38778e-17	2.84164	-3.55271e-15	
46	35	32	0.198982	0.00411543	0.190247	0.0110469	0.178833	0.00360328	0.112881	0.00873317	0.124483	3.46945e-18	0.0699871	3.46945e-18	0.00159049	-4.23516e-22	0.0501547	0	0.506205	5.55112e-17	
46	36	31	0.31098	0.00409689	0.287505	0.0209022	0.29976	0.0033633	0.168831	0.0200359	0.289312	-1.38778e-17	0.104874	3.46945e-18	0.00207285	8.47033e-22	0.116565	5.20417e-18	0.758536	0	
46	36	32	0.22693	0.000934548	0.213378	0.00774857	0.222507	0.000984054	0.160075	0.00853253	0.1971	-1.38778e-17	0.159384	0	0.00189033	4.23516e-22	0.079412	-2.60209e-18	1.1528	-2.22045e-16	
46	37	31	0.0459734	9.19833e-05	0.0511151	0.000352909	0.0440475	8.48315e-05	0.0435708	0.000328711	0.0150586	0.00034014	0.0145667	0.000318283	4.71445e-05	3.3339e-09	0.00580282	5.0509e-05	0.0703552	0.00742479	
46	37	32	0.0743356	0.000539823	0.071798	0.000782175	0.0679031	0.000436787	0.0579507	0.000802456	0.0237497	0.000564049	0.0205825	0.00042364	7.85741e-05	6.1739e-09	0.00915195	8.37583e-05	0.0994108	0.00988252	
47	31	30	0.0229242	3.79209e-05	0.0179391	4.53095e-05	0.02127	3.51846e-05	0.0160433	3.04153e-05	0.00335323	4.49767e-05	0.00306485	3.75733e-05	0.000250125	2.5025e-07	0.00134941	7.28368e-06	0.00713569	0.000203673	
47	32	30	0.123064	0.00151093	0.114544	0.00389276	0.110817	0.00135722	0.0679296	0.00316647	0.10191	0.00259642	0.0749036	0.00140264	0.000926779	2.1473e-07	0.0410109	0.000420473	0.174393	0.00760324	
47	32	31	0.0556171	5.53987e-05	0.0532412	6.69779e-05	0.0545896	5.60876e-05	0.0519546	6.68478e-05	0.0138341	0.00044656	0.0137236	0.000439453	7.89869e-06	1.45575e-10	0.00556716	7.23176e-05	0.0319517	0.00238213	
47	33	30	0.332379	0.00119916	0.334896	0.0266825	0.328437	0.00129468	0.184721	0.0277404	0.349141	-1.38778e-17	0.188386	0	0.00493668	-1.35525e-20	0.140502	-3.46945e-18	0.438608	2.77556e-17	
47	33	31	0.400325	0.00457717	0.382313	0.0382441	0.388925	0.00443358	0.222974	0.0355284	0.441374	-5.55112e-17	0.259106	0	0.00409415	6.77626e-21	0.177619	-1.38778e-17	0.60326	0	
47	34	30	0.354719	0.00735818	0.327195	0.0302213	0.337305	0.00587369	0.182929	0.0263904	0.345588	2.77556e-17	0.123878	3.46945e-18	0.000868855	3.17637e-22	0.139072	-3.46945e-18	0.288418	1.38778e-17	
47	34	31	0.653965	0.000943145	0.650173	0.0564638	0.652563	0.000914842	0.446978	0.0908236	0.636157	1.66533e-16	0.424523	-2.77556e-17	0.0113346	-2.71051e-20	0.256004	2.77556e-17	0.988389	0	
47	34	32	0.0176127	6.15167e-05	0.0213419	0.000110495	0.0149552	3.97443e-05	0.0172204	7.09741e-05	0.00357663	2.98486e-05	0.00357663	2.98486e-05	3.95356e-06	3.64715e-11	0.00253867	1.5038e-05	0.0143812	0.000482579	
47	35	30	0.0563363	0.000297695	0.0561584	0.00108567	0.0512678	0.000259854	0.0379965	0.00069009	0.0244424	0.000896149	0.0194455	0.000567189	5.79855e-05	5.04348e-09	0.0173491	0.000451487	0.078188	0.00917005	
47	35	31	0.604295	0.0029337	0.587157	0.0498909	0.599932	0.0026176	0.425109	0.068888	0.639449	-5.55112e-17	0.527192	-5.55112e-17	0.0188321	0	0.453877	-8.32667e-17	2.11978	-8.88178e-16	
47	35	32	0.140043	0.0018388	0.137655	0.00760847	0.120294	0.00237565	0.0744729	0.00470533	0.0493637	0	0.0367237	-4.33681e-19	0.000131785	3.30872e-24	0.0350381	8.67362e-19	0.147662	-3.46945e-18	
47	36	31	0.312602	0.00179156	0.310184	0.0184568	0.307144	0.00167659	0.198932	0.0221316	0.329913	4.16334e-17	0.268967	4.16334e-17	0.00391402	-3.38813e-21	0.234171	0	1.08149	-2.22045e-16	
47	36	32	0.212289	0.0010158	0.199917	0.00782462	0.207884	0.000915858	0.128851	0.0091569	0.161253	0.00288917	0.104987	0.00122469	0.0048273	2.5892e-06	0.114457	0.00145559	0.42214	0.0198002	
47	37	31	0.0400313	9.43767e-05	0.0396339	0.000601784	0.0375101	9.45708e-05	0.0279184	0.000327078	0.0150073	0.000337826	0.0108813	0.000177603	0.00038139	2.18188e-07	0.00841931	0.000106327	0.0497463	0.00371205	
47	37	32	0.0701385	0.000311017	0.0617478	0.00129283	0.0650511	0.000330939	0.0390506	0.00088634	0.0331925	0.000472175	0.0221692	0.000210632	0.00320002	4.38863e-06	0.0186215	0.000148612	0.101352	0.00440238	
47	38	32	0.0160497	5.71747e-21	0.0160497	0	0.0160497	0	0.0160497	0	0.00160497	2.31833e-05	0.00160497	2.31833e-05	2.62667e-06	6.20946e-11	0.000673723	4.08513e-06	0.00394633	0.000140162	
48	32	30	0.0673721	0.000804774	0.0562467	0.000828454	0.0542901	0.000710226	0.0408955	0.000627795	0.0430401	0.00277868	0.0425081	0.00271041	7.31433e-05	8.02492e-09	0.0241462	0.000874559	0.194336	0.0566498	
48	32	31	0.0305579	-4.82279e-20	0.0305579	0	0.0305579	0	0.0305579	0	0.00305579	8.40409e-05	0.00305579	8.40409e-05	2.63571e-06	6.25225e-11	0.00216899	4.23405e-05	0.012287	0.00135873	
48	33	30	0.214062	0.00211523	0.197306	0.00786775	0.205255	0.00180775	0.137147	0.00825068	0.232962	1.38778e-17	0.181496	6.93889e-18	0.00710323	6.77626e-21	0.165355	3.46945e-18	0.729776	-2.22045e-16	
48	33	31	0.236224	0.00347333	0.221512	0.0143117	0.220057	0.00355777	0.109315	0.0122649	0.258944	-1.38778e-17	0.164398	-6.93889e-18	0.00507373	3.38813e-21	0.183797	-1.38778e-17	0.661027	0	
48	34	30	0.218301	0.000875574	0.228469	0.0106202	0.213414	0.00104284	0.151397	0.0116684	0.263563	2.77556e-17	0.200184	-6.93889e-18	0.00280703	-1.69407e-21	0.187076	1.38778e-17	0.804916	-2.22045e-16	
48	34	31	0.438266	0.000423244	0.438879	0.0259901	0.437311	0.000417733	0.302356	0.0412788	0.455468	2.77556e-17	0.282345	1.38778e-17	0.022443	-3.25261e-19	0.323288	1.38778e-17	1.13528	2.22045e-16	
48	35	30	0.0509394	9.10911e-05	0.0556147	0.000674486	0.0490182	9.41775e-05	0.0392846	0.00064152	0.0419169	0.000753013	0.0370039	0.000586839	0.000119925	6.16368e-09	0.0297524	0.000379374	0.148789	0.00948774	
48	35	31	0.481484	0.000270729	0.476249	0.0261201	0.480915	0.000273279	0.369986	0.0393158	0.451011	2.77556e-17	0.339286	0	0.0264888	-1.0842e-19	0.320125	2.77556e-17	1.36423	-8.88178e-16	
48	35	32	0.143968	0.00249523	0.117158	0.00612157	0.131519	0.00163731	0.0604657	0.00342794	0.151234	-6.93889e-18	0.0977772	1.73472e-18	0.000724819	-3.17637e-22	0.107345	3.46945e-18	0.393151	-2.77556e-17	
48	36	31	0.309647	0.00205098	0.305325	0.0178173	0.30259	0.00213517	0.17614	0.0227546	0.264244	-1.38778e-17	0.199539	-6.93889e-18	0.00467838	0	0.187559	0	0.802324	-2.22045e-16	
48	36	32	0.199087	0.00219238	0.181892	0.00651283	0.190384	0.00165681	0.117671	0.00755698	0.205193	0	0.180076	-6.93889e-18	0.00293881	-1.69407e-21	0.145645	-3.46945e-18	0.724064	2.22045e-16	
48	37	31	0.0573557	0.000321227	0.060242	0.00110867	0.0501454	0.000361561	0.039694	0.000815632	0.0394633	0.00155735	0.0277041	0.000767519	0.000256981	6.60394e-08	0.0280108	0.000784607	0.111395	0.0124089	
48	37	32	0.101876	0.000988965	0.074354	0.00182225	0.0923034	0.000883561	0.0463194	0.00129855	0.0714168	0.00127509	0.0343905	0.000295677	0.00172902	7.4738e-07	0.0506913	0.000642401	0.13828	0.00478036	
48	38	32	0.0216894	2.36905e-20	0.0216894	2.04566e-05	0.0216894	-5.42101e-20	0.0205207	2.39827e-05	0.00216894	4.23388e-05	0.00205207	3.7899e-05	2.88934e-05	7.51345e-09	0.000910465	7.46052e-06	0.00504568	0.00022913	
49	32	30	0.0259316	2.57587e-05	0.0204168	5.63835e-05	0.0247793	2.85527e-05	0.0179374	4.44741e-05	0.00562725	7.38871e-05	0.00504139	5.9303e-05	0.000320238	2.39289e-07	0.00399419	3.72249e-05	0.0202708	0.000958784	
49	32	31	0.0149591	1.04688e-20	0.0149591	0	0.0149591	-2.71051e-20	0.0149591	-2.71051e-20	0.00149591	2.01397e-05	0.00149591	2.01397e-05	1.30613e-06	1.53538e-11	0.000839228	6.33874e-06	0.0068389	0.000420935	
49	33	30	0.130518	0.00100192	0.112072	0.00240109	0.123253	0.000895433	0.0824355	0.00244311	0.104582	0.00121527	0.0799376	0.000710002	0.0010227	1.16213e-07	0.0586722	0.000382492	0.365454	0.0148396	
49	33	31	0.126042	0.00181119	0.10832	0.00363913	0.113526	0.00142092	0.0624703	0.00286427	0.122787	-6.93889e-18	0.0769311	2.60209e-18	0.0023641	1.69407e-21	0.0688855	-1.73472e-18	0.351709	-6.93889e-17	
49	34	30	0.130087	0.000945127	0.121106	0.00390526	0.122928	0.0008801	0.0744523	0.00347351	0.108589	-5.20417e-18	0.0710386	-2.60209e-18	0.00144981	-4.23516e-22	0.0609203	4.33681e-19	0.32477	0	
49	34	31	0.284028	0.00070759	0.277904	0.0127462	0.281562	0.000694233	0.175909	0.0179418	0.301904	1.38778e-17	0.174385	0	0.0105013	-1.35525e-20	0.169373	-1.04083e-17	0.797243	-1.11022e-16	
49	35	30	0.0517776	0.00017795	0.0435696	0.000519303	0.0478965	0.000185891	0.0322934	0.000364146	0.0451623	0.000874127	0.0389522	0.000650259	0.000100572	4.33489e-09	0.0253368	0.000275122	0.178079	0.0135909	
49	35	31	0.360074	0.000663543	0.354633	0.0147182	0.358346	0.000619328	0.275734	0.0217549	0.362136	-8.32667e-17	0.272341	-1.38778e-17	0.0201014	3.79471e-19	0.203164	0	1.24507	-2.22045e-16	
49	35	32	0.111478	0.0011975	0.0894012	0.00338439	0.101469	0.00101563	0.0482267	0.00198571	0.0875348	6.07153e-18	0.0702034	3.46945e-18	0.000509391	-1.58819e-22	0.0491084	4.33681e-19	0.320951	2.77556e-17	
49	36	31	0.277762	0.000614054	0.274872	0.0108108	0.275595	0.000597335	0.184911	0.0166349	0.295787	-1.38778e-17	0.222587	1.38778e-17	0.00937802	4.06576e-20	0.165942	0	1.01761	4.44089e-16	
49	36	32	0.185225	0.000746897	0.179566	0.00507826	0.1813	0.000711614	0.124234	0.00687411	0.17843	0	0.159724	1.04083e-17	0.00186777	-8.47033e-22	0.100102	6.93889e-18	0.730218	-1.11022e-16	
49	37	31	0.0694655	0.000725227	0.060574	0.00131444	0.0582552	0.000653059	0.036631	0.000877056	0.050375	0.000634409	0.0359804	0.000323648	0.000442799	4.90176e-08	0.0357559	0.000319621	0.144673	0.00523259	
49	37	32	0.0919224	0.000326629	0.0849981	0.00184109	0.0883794	0.000313133	0.0605094	0.0014818	0.0984488	0.00107691	0.0808625	0.000726527	0.00381914	1.62065e-06	0.0698784	0.000542555	0.325139	0.0117461	
49	38	32	0.019434	6.91302e-06	0.0177519	3.05349e-05	0.0190783	6.78649e-06	0.0161761	2.54904e-05	0.00336095	4.51838e-05	0.00307624	3.7853e-05	0.000346721	4.80861e-07	0.00141084	7.96184e-06	0.00756392	0.000228852	
50	32	30	0.0132464	-4.92338e-21	0.0132464	1.168e-05	0.0132464	0	0.0125384	8.87715e-06	0.00132464	1.57921e-05	0.00125384	1.41491e-05	0.000106746	1.02553e-07	0.000940225	7.95621e-06	0.00504157	0.000228757	
50	33	30	0.072045	0.000740881	0.0439581	0.000473915	0.06149	0.000649026	0.033237	0.000356335	0.0292153	0.000365799	0.0230353	0.000227411	0.00259222	2.87982e-06	0.0207368	0.000184293	0.0926223	0.00367667	
50	33	31	0.0587623	0.000255537	0.0486782	0.000591578	0.0554216	0.000185147	0.0344258	0.000490649	0.0394209	0.000388502	0.0254831	0.000162347	0.000875054	1.9143e-07	0.0279807	0.000195731	0.102465	0.00262476	
50	34	30	0.0663805	0.000101536	0.0661149	0.00107708	0.064852	9.91246e-05	0.0457757	0.00093104	0.0603671	0	0.0385574	-1.0842e-18	0.00354502	0	0.0428483	-1.51788e-18	0.155035	1.04083e-17	
50	34	31	0.15467	0.000407459	0.163624	0.00422468	0.151783	0.000438209	0.125295	0.00480244	0.189735	6.93889e-18	0.16903	2.08167e-17	0.00631252	6.77626e-21	0.134673	-3.46945e-18	0.679651	-5.55112e-17	
50	35	30	0.0354375	0.000137569	0.0308423	0.000150238	0.0315042	0.000123916	0.0256763	0.000132644	0.0210851	0.000296389	0.0198122	0.000261682	0.000150235	1.50471e-08	0.0149661	0.000149323	0.0796625	0.00423075	
50	35	31	0.242528	0.000115846	0.240935	0.00669111	0.242038	0.000118685	0.19506	0.00894839	0.245841	1.38778e-17	0.20974	6.93889e-18	0.0127568	5.42101e-20	0.174497	-1.04083e-17	0.843339	1.11022e-16	
50	35	32	0.0624251	0.000210652	0.0647371	0.00154783	0.058708	0.000218224	0.0380004	0.001016	0.0665299	8.67362e-19	0.0457993	4.33681e-19	0.00135739	6.35275e-22	0.0472226	-4.33681e-19	0.184154	6.93889e-18	
50	36	31	0.221641	0.000852974	0.222879	0.00566245	0.217542	0.000891805	0.168717	0.00913809	0.2697	0	0.261342	1.38778e-17	0.00109382	6.35275e-22	0.191432	2.77556e-17	1.05083	2.22045e-16	
50	36	32	0.154991	0.000707228	0.147014	0.00428618	0.150682	0.000649248	0.0911235	0.00509296	0.129586	3.46945e-18	0.0691461	0	0.00172639	0	0.0919793	3.46945e-18	0.278029	4.16334e-17	
50	37	31	0.0740783	0.000220047	0.0742082	0.0017438	0.0715641	0.000179931	0.0452012	0.00131115	0.0572858	0.000364629	0.0507	0.00028561	7.11641e-05	5.62703e-10	0.0406611	0.000183703	0.203859	0.00461761	
50	37	32	0.094318	0.000686327	0.0882518	0.00173172	0.088921	0.000479907	0.0612435	0.00165408	0.0891145	0.00198535	0.0709241	0.00125756	0.00248811	1.54767e-06	0.063253	0.00100024	0.285178	0.0203316	
50	38	32	0.0265659	1.01771e-05	0.0256329	4.06735e-05	0.0261956	9.69798e-06	0.0237998	4.36264e-05	0.013973	0.000195245	0.0132326	0.000175101	0.000326035	1.06299e-07	0.00802139	6.43427e-05	0.0668578	0.00446997	
51	33	30	0.0314135	5.07883e-05	0.0256631	0.000138942	0.0296275	5.29142e-05	0.0204203	0.000107061	0.02032	0.000412903	0.019938	0.000397524	7.85464e-05	6.16953e-09	0.00848251	7.1953e-05	0.265934	0.070721	
51	33	31	0.0261755	2.10773e-05	0.0239774	8.8652e-05	0.0253072	2.19725e-05	0.0204329	7.24251e-05	0.0159003	0.00025282	0.0152024	0.000231114	0.000104728	1.09681e-08	0.00663752	4.40567e-05	0.202771	0.0411161	
51	34	30	0.0436806	4.9503e-05	0.0425058	0.000237121	0.0425055	4.99477e-05	0.035546	0.000247395	0.0397063	0.000394147	0.0374702	0.000351003	0.000523642	6.85504e-08	0.0165752	6.86845e-05	0.499779	0.0624448	
51	34	31	0.100586	0.000298086	0.0945366	0.00133588	0.0981836	0.000235838	0.0754255	0.00144146	0.0872202	0.000845263	0.0695229	0.000537049	0.00263916	7.73906e-07	0.0364098	0.000147297	0.927301	0.095543	
51	35	30	0.0191921	3.08742e-06	0.018796	5.66629e-05	0.0190353	2.9861e-06	0.0163706	3.97056e-05	0.0129051	7.13754e-05	0.0114206	5.5899e-05	0.000165246	1.17027e-08	0.00700778	2.10467e-05	0.065548	0.00184137	
51	35	31	0.157927	0.000527737	0.156227	0.00389596	0.154933	0.000463788	0.114499	0.00477782	0.157258	-3.46945e-18	0.119777	1.73472e-18	0.00987541	-5.42101e-20	0.0853945	1.73472e-18	0.68745	5.55112e-17	
51	35	32	0.0491438	0.000170902	0.0463285	0.000642967	0.0454174	0.000169241	0.0315063	0.000466991	0.0330024	0.00027229	0.0253946	0.000161221	0.000304262	2.31439e-08	0.0179211	8.02911e-05	0.145751	0.00531081	
51	36	31	0.162052	0.00108181	0.168116	0.00352827	0.153056	0.0013768	0.120866	0.00571087	0.166557	1.38778e-17	0.135858	-3.46945e-18	0.0112131	-5.42101e-20	0.0904443	3.46945e-18	0.779747	-1.11022e-16	
51	36	32	0.125247	0.000504203	0.117792	0.00250095	0.121239	0.000485981	0.0790691	0.00306178	0.0968305	0.00104179	0.0612345	0.000416629	0.00494557	2.71763e-06	0.0525811	0.000307197	0.351451	0.0137242	
51	37	31	0.0774413	0.000456654	0.0688544	0.00138929	0.072375	0.000366673	0.0425664	0.00111899	0.0510786	0.00111815	0.0373036	0.000596381	0.000431475	7.97876e-08	0.0277368	0.000329713	0.214101	0.0196454	
51	37	32	0.0919701	0.000351786	0.085942	0.00132614	0.0871772	0.000417831	0.0667808	0.0012796	0.0830894	0.000767094	0.0734693	0.000599749	0.00534689	3.17658e-06	0.0451194	0.000226195	0.421672	0.0197564	
51	38	32	0.0267775	7.22244e-05	0.0227613	7.45741e-05	0.0249347	4.595e-05	0.0196756	6.07129e-05	0.0218593	0.00047783	0.0218593	0.00047783	6.55738e-06	4.29992e-11	0.0118701	0.000140899	0.12546	0.0157402	
52	33	30	0.0163599	1.86157e-05	0.0169863	1.22161e-05	0.0150034	2.03522e-05	0.0160777	1.46077e-05	0.00311767	2.26797e-05	0.00311764	2.26792e-05	1.1782e-05	3.239e-10	0.00130146	3.9522e-06	0.0415833	0.00403472	
52	33	31	0.0138842	-7.14684e-21	0.0138842	1.97672e-05	0.0138842	5.42101e-20	0.0127861	1.40412e-05	0.00138842	1.73494e-05	0.00127861	1.47135e-05	1.8334e-05	3.02521e-09	0.000535029	2.5763e-06	0.00617549	0.000343231	
52	34	30	0.0229807	5.43097e-05	0.0222637	6.4056e-05	0.0211984	3.7783e-05	0.019356	5.62814e-05	0.014166	0.000133784	0.0134603	0.000120787	0.000282867	5.33425e-08	0.00545888	1.98662e-05	0.0650116	0.00281767	
52	34	31	0.0565241	0.000347609	0.0523442	0.000393956	0.0515446	0.000256666	0.0431973	0.000395122	0.0331355	0.000274491	0.0257003	0.000165126	0.00103718	2.68935e-07	0.0127688	4.07604e-05	0.124129	0.00385201	
52	35	30	0.0149487	7.14883e-07	0.0145733	9.7154e-06	0.0149027	6.8613e-07	0.013959	8.57513e-06	0.00428047	4.27523e-05	0.00402982	3.7892e-05	7.44495e-05	1.2933e-08	0.00240141	1.34558e-05	0.0184233	0.000791973	
52	35	31	0.0929654	0.00027943	0.0945164	0.00142045	0.0882583	0.000415442	0.0728875	0.00157648	0.0811826	0.00073229	0.0575159	0.000367564	0.00618322	4.24803e-06	0.0455447	0.00023048	0.262948	0.00768238	
52	35	32	0.0318491	0.000112009	0.0308476	0.000161779	0.0283369	9.95232e-05	0.0254197	0.000137977	0.013709	0.000187936	0.013709	0.000187936	1.30613e-05	1.70598e-10	0.00769095	5.91508e-05	0.0626739	0.00392801	
52	36	31	0.113333	7.51931e-05	0.111336	0.00195709	0.112735	6.74122e-05	0.0781624	0.0025929	0.0884969	0.00195793	0.0528878	0.00069928	0.00336459	2.83012e-06	0.0496482	0.000616236	0.241789	0.0146155	
52	36	32	0.09393	0.000160633	0.0924868	0.0014626	0.0921775	0.000161548	0.0660799	0.00174497	0.0683449	0.00116776	0.0509663	0.00064939	0.00137927	4.75599e-07	0.0383426	0.000367539	0.233005	0.0135728	
52	37	31	0.053494	0.000160576	0.0515735	0.000847393	0.0498839	0.000180085	0.0344813	0.000589361	0.0260818	0.000170065	0.0194336	9.44162e-05	0.000292573	2.13998e-08	0.0146323	5.35261e-05	0.0888453	0.00197337	
52	37	32	0.0795059	0.000660656	0.0715073	0.000731683	0.0717008	0.000559634	0.0583308	0.000768595	0.0486475	0.000262953	0.0420687	0.000196642	0.000364411	1.4755e-08	0.027292	8.27615e-05	0.192327	0.00410998	
52	38	32	0.0257279	2.33593e-05	0.0252019	0.000104396	0.0247111	2.51258e-05	0.0209594	8.89195e-05	0.0116931	0.000136729	0.0102971	0.00010603	0.00084769	7.18578e-07	0.00671258	4.50588e-05	0.0520262	0.00270673	
53	33	30	0.0106919	2.82565e-21	0.0106919	0	0.0106919	0	0.0106919	0	0.00106919	1.02886e-05	0.00106919	1.02886e-05	1.30911e-06	1.54238e-11	0.000446331	1.7929e-06	0.014261	0.00183038	
53	34	30	0.0131578	1.07601e-06	0.0125688	7.11514e-06	0.0130744	1.09154e-06	0.0120977	5.70006e-06	0.00354473	2.93185e-05	0.0034439	2.76744e-05	5.89098e-05	8.09751e-09	0.00147973	5.10909e-06	0.0459349	0.00492338	
53	34	31	0.0244087	1.98014e-05	0.0230838	7.38252e-05	0.0236624	1.76581e-05	0.0200837	6.02524e-05	0.00795825	9.50007e-05	0.00751746	8.47682e-05	0.000382259	2.19183e-07	0.00332214	1.65549e-05	0.100268	0.0150806	
53	35	31	0.0565232	2.668e-05	0.0546385	0.000515778	0.0560576	2.6103e-05	0.0431923	0.000494387	0.0376445	0.000607333	0.0299367	0.000384089	0.00436194	8.15423e-06	0.0157146	0.000105835	0.399298	0.0683309	
53	35	32	0.0200732	7.38766e-06	0.0209359	1.21402e-05	0.0196894	7.55627e-06	0.0203876	1.11782e-05	0.00615775	8.84751e-05	0.00602282	8.46401e-05	4.31023e-05	4.33489e-09	0.0034546	2.78466e-05	0.0275347	0.00176905	
53	36	31	0.0768072	4.96133e-05	0.0755148	0.000711433	0.0762283	4.41248e-05	0.0590153	0.000973726	0.060901	0.000927232	0.0573557	0.00082242	0.00337504	2.84773e-06	0.0341664	0.000291836	0.262215	0.0171892	
53	36	32	0.0703401	0.000180652	0.0646714	0.000854635	0.0678222	0.000170768	0.0469491	0.000832049	0.0454342	0.000516068	0.0361752	0.000327161	0.00118074	3.48538e-07	0.0254893	0.000162427	0.165384	0.00683793	
53	37	31	0.0505558	0.000163536	0.0505038	0.000549919	0.0468999	0.000171459	0.0373157	0.000492121	0.0379317	0.000359703	0.0300674	0.000226013	0.000720984	1.29955e-07	0.0212803	0.000113212	0.13746	0.00472384	
53	37	32	0.0600518	5.69675e-05	0.0575412	0.000446672	0.059121	5.5027e-05	0.04756	0.000474709	0.0562281	0.0007904	0.0474016	0.000561729	0.00109715	3.00935e-07	0.0315449	0.00024877	0.216708	0.0117406	
53	38	32	0.0242203	7.30073e-06	0.023348	8.16062e-05	0.0239243	7.08173e-06	0.0199576	6.76634e-05	0.0175669	0.000132256	0.015351	0.000100994	0.00157931	1.06895e-06	0.0100845	4.35847e-05	0.077561	0.00257816	
54	34	31	0.0145028	-5.88953e-21	0.0145028	9.19702e-06	0.0145028	0	0.0138687	8.79487e-06	0.00145028	1.89298e-05	0.00138687	1.73106e-05	2.61226e-06	6.14152e-11	0.000813631	5.95795e-06	0.00634039	0.000361804	
54	35	31	0.03482	1.91604e-05	0.0326517	0.00016341	0.0343398	1.64907e-05	0.0273211	0.000145639	0.0228044	0.000222875	0.0188287	0.000151937	0.00597032	1.52763e-05	0.0127936	7.01475e-05	0.0860799	0.00317561	
54	36	31	0.0520482	1.34489e-05	0.0514021	0.00025652	0.0517617	1.48316e-05	0.0434966	0.000343864	0.0395016	0.000668733	0.0358041	0.0005494	0.00448003	8.60171e-06	0.022161	0.000210476	0.163687	0.0114829	
54	36	32	0.0415713	5.36308e-06	0.0406843	0.000289314	0.0414406	5.41638e-06	0.0319723	0.000278544	0.025631	0.000437964	0.0202593	0.000273626	0.00102662	7.02631e-07	0.0143794	0.000137844	0.0926203	0.00571901	
54	37	31	0.0355035	7.41686e-05	0.0356756	0.000290213	0.0323351	0.000102452	0.0266932	0.000239769	0.0280001	0.000196002	0.0210062	0.000110315	0.0010867	2.9523e-07	0.0157085	6.16895e-05	0.0960347	0.00230567	
54	37	32	0.0470077	3.88639e-05	0.0452208	0.000200144	0.0462266	3.61073e-05	0.0391361	0.00023813	0.0479016	0.000573642	0.047402	0.000561738	0.000198532	9.85373e-09	0.0268736	0.000180547	0.21671	0.0117408	
54	38	31	0.0109241	5.43292e-21	0.0109241	0	0.0109241	-1.35525e-20	0.0109241	-1.35525e-20	0.00109241	1.07402e-05	0.00109241	1.07402e-05	2.61821e-06	6.16953e-11	0.000456022	1.87161e-06	0.0145706	0.00191073	
54	38	32	0.0248221	2.13934e-05	0.0226536	6.63371e-05	0.023932	2.12998e-05	0.0196603	5.88496e-05	0.0150351	9.68805e-05	0.0129509	7.18829e-05	0.0107124	4.91811e-05	0.00627635	1.68825e-05	0.17274	0.0127882	
